0 0.16893644617380027 0.267822265625 0.13553826199740596 0.3701171875
0 0.5505836575875487 0.2724609375 0.13813229571984437 0.37841796875
0 0.6694228274967574 0.277099609375 0.13845654993514916 0.3798828125
0 0.3009079118028534 0.2664794921875 0.13488975356679636 0.367431640625
0 0.43174448767833984 0.2733154296875 0.12808041504539558 0.382080078125
0 0.7206549935149157 0.7347412109375 0.14623865110246434 0.373779296875
0 0.8130674448767834 0.279052734375 0.16439688715953307 0.384765625
0 0.36883916990920884 0.7237548828125 0.11251621271076524 0.357666015625
0 0.8537613488975356 0.7322998046875 0.16277561608300908 0.381591796875
0 0.4810311284046693 0.7283935546875 0.11186770428015565 0.366455078125
0 0.2603761348897536 0.712646484375 0.11154345006485085 0.35888671875
0 0.5961413748378729 0.729248046875 0.12159533073929961 0.37939453125
0 0.9406614785992218 0.2877197265625 0.11867704280155641 0.382080078125
0 0.1511024643320363 0.7086181640625 0.10376134889753567 0.348388671875
0 0.05625810635538262 0.2515869140625 0.11251621271076524 0.393310546875
0 0.9497405966277561 0.751708984375 0.09533073929961089 0.3603515625
