0 0.5330739299610895 0.7432861328125 0.1264591439688716 0.391845703125
0 0.767833981841764 0.7459716796875 0.1219195849546044 0.382080078125
0 0.8853761348897535 0.7393798828125 0.13586251621271075 0.392822265625
0 0.16326199740596628 0.738525390625 0.12743190661478598 0.39599609375
0 0.8869974059662775 0.294677734375 0.14040207522697795 0.341796875
0 0.6525616083009079 0.7442626953125 0.12743190661478598 0.386474609375
0 0.41099221789883267 0.74267578125 0.11705577172503243 0.3896484375
0 0.6269455252918288 0.285888671875 0.12354085603112841 0.369140625
0 0.11381322957198443 0.27392578125 0.14267185473411154 0.37353515625
0 0.7509727626459144 0.29248046875 0.12905317769131 0.34375
0 0.29571984435797666 0.73876953125 0.1219195849546044 0.39404296875
0 0.052204928664072635 0.74755859375 0.10246433203631647 0.38134765625
0 0.5006485084306096 0.28564453125 0.11738002594033722 0.375
