0 0.0322632944228275 0.67041015625 0.05609597924773022 0.1611328125
0 0.08868352788586252 0.671142578125 0.057392996108949414 0.16015625
0 0.14640077821011674 0.670654296875 0.054798962386511024 0.15771484375
0 0.05415045395590143 0.85498046875 0.05252918287937743 0.140625
0 0.6464007782101168 0.6728515625 0.053501945525291826 0.16357421875
0 0.10732814526588845 0.854248046875 0.05058365758754864 0.1376953125
0 0.1619649805447471 0.8553466796875 0.05609597924773022 0.138916015625
0 0.20087548638132297 0.671875 0.05544747081712062 0.15966796875
0 0.565337224383917 0.2242431640625 0.0651750972762646 0.214111328125
0 0.11608300907911803 0.462890625 0.05966277561608301 0.17919921875
0 0.6682879377431906 0.4649658203125 0.058365758754863814 0.180908203125
0 0.5919260700389105 0.853759765625 0.04896238651102464 0.1435546875
0 0.5906290531776913 0.6727294921875 0.052204928664072635 0.165771484375
0 0.6295395590142672 0.22607421875 0.064526588845655 0.20703125
0 0.6105706874189365 0.46435546875 0.05642023346303502 0.1826171875
0 0.7026588845654993 0.6722412109375 0.05382619974059663 0.163330078125
0 0.6922827496757458 0.2279052734375 0.062905317769131 0.208740234375
0 0.6950389105058365 0.8533935546875 0.05155642023346303 0.141357421875
0 0.6429961089494164 0.855224609375 0.04993514915693904 0.1416015625
0 0.42298962386511024 0.8580322265625 0.05544747081712062 0.149658203125
0 0.48151750972762647 0.6748046875 0.054474708171206226 0.1630859375
0 0.5397211413748378 0.8526611328125 0.05155642023346303 0.143798828125
0 0.5523670557717251 0.4647216796875 0.057392996108949414 0.182861328125
0 0.08884565499351492 0.215087890625 0.06939040207522698 0.21240234375
0 0.7538910505836576 0.22998046875 0.0648508430609598 0.2021484375
0 0.17720492866407264 0.462646484375 0.05998702983138781 0.1767578125
0 0.4917315175097276 0.46484375 0.05869001297016861 0.18212890625
0 0.054798962386511024 0.4625244140625 0.0609597924773022 0.177978515625
0 0.4990272373540856 0.2213134765625 0.06614785992217899 0.212646484375
0 0.4283398184176394 0.466796875 0.058365758754863814 0.1806640625
0 0.7268158236057068 0.4639892578125 0.061932555123216604 0.179443359375
0 0.42201686121919585 0.6751708984375 0.05415045395590143 0.164794921875
0 0.5364785992217899 0.674072265625 0.05025940337224384 0.16259765625
0 0.43239299610894943 0.2220458984375 0.06841763942931259 0.205810546875
0 0.028696498054474707 0.2158203125 0.057392996108949414 0.2041015625
