0 0.54248046875 0.589599609375 0.10579427083333333 0.28173828125
0 0.4348958333333333 0.59912109375 0.11783854166666667 0.26171875
0 0.7571614583333334 0.590576171875 0.10221354166666667 0.27734375
0 0.6931966145833334 0.23193359375 0.10319010416666667 0.29541015625
0 0.6477864583333334 0.586181640625 0.10481770833333333 0.2783203125
0 0.22477213541666666 0.585205078125 0.1103515625 0.29443359375
0 0.28564453125 0.2301025390625 0.10904947916666667 0.302978515625
0 0.8587239583333334 0.584228515625 0.09440104166666667 0.28369140625
0 0.5802408854166666 0.2313232421875 0.11751302083333333 0.293212890625
0 0.7900390625 0.2352294921875 0.09440104166666667 0.293212890625
0 0.18033854166666666 0.2310791015625 0.10611979166666667 0.303955078125
0 0.12451171875 0.585205078125 0.10579427083333333 0.29736328125
0 0.3263346354166667 0.59033203125 0.0927734375 0.279296875
0 0.3958333333333333 0.25732421875 0.11002604166666667 0.26025390625
0 0.9016927083333334 0.2237548828125 0.12174479166666667 0.319091796875
0 0.064453125 0.22412109375 0.12760416666666666 0.32080078125
0 0.040852864583333336 0.5833740234375 0.0810546875 0.302490234375
