0 0.5969520103761349 0.27734375 0.16796368352788585 0.1953125
0 0.25761997405966275 0.655029296875 0.14948119325551232 0.19970703125
0 0.7407587548638133 0.2772216796875 0.17153047989623865 0.195068359375
0 0.46222438391699094 0.274658203125 0.15985732814526588 0.19775390625
0 0.36948767833981844 0.654296875 0.1228923476005188 0.2021484375
0 0.1501297016861219 0.654052734375 0.14656290531776914 0.20068359375
0 0.07911802853437094 0.2540283203125 0.1582360570687419 0.229736328125
0 0.48346303501945526 0.6552734375 0.11608300907911803 0.2060546875
0 0.5922503242542153 0.65380859375 0.11511024643320363 0.20947265625
0 0.7076848249027238 0.6551513671875 0.15337224383916992 0.211181640625
0 0.8816472114137484 0.2823486328125 0.188715953307393 0.191162109375
0 0.832360570687419 0.6544189453125 0.17444876783398183 0.208740234375
0 0.31809338521400776 0.2783203125 0.16601815823605706 0.1923828125
0 0.9220168612191959 0.656982421875 0.1553177691309987 0.212890625
0 0.19503891050583658 0.272705078125 0.14883268482490272 0.19482421875
