0 0.5984111543450065 0.2086181640625 0.15402075226977952 0.400146484375
0 0.4709792477302205 0.69580078125 0.13975356679636836 0.4365234375
0 0.7530804150453956 0.20849609375 0.1507782101167315 0.3994140625
0 0.44341763942931256 0.2030029296875 0.14753566796368353 0.405517578125
0 0.2830739299610895 0.2174072265625 0.16277561608300908 0.381591796875
0 0.6219195849546044 0.698486328125 0.13878080415045396 0.4482421875
0 0.1292153047989624 0.2159423828125 0.15402075226977952 0.384521484375
0 0.31939040207522695 0.68798828125 0.1614785992217899 0.43359375
0 0.9108300907911803 0.2208251953125 0.17315175097276264 0.377685546875
0 0.15337224383916992 0.6904296875 0.16601815823605706 0.4296875
0 0.757295719844358 0.696533203125 0.13456549935149156 0.4541015625
0 0.8897535667963683 0.6953125 0.12321660181582361 0.439453125
