0 0.26410505836575876 0.7135009765625 0.17282749675745784 0.427978515625
0 0.7675097276264592 0.24462890625 0.13229571984435798 0.4130859375
0 0.4336900129701686 0.708984375 0.16634241245136186 0.43115234375
0 0.6292153047989624 0.243896484375 0.13910505836575876 0.4189453125
0 0.6095979247730221 0.7109375 0.16990920881971466 0.43896484375
0 0.4905966277561608 0.24072265625 0.13748378728923477 0.42578125
0 0.3526264591439689 0.2347412109375 0.13651102464332035 0.430419921875
0 0.08706225680933852 0.709228515625 0.17023346303501946 0.43798828125
0 0.9043450064850843 0.2415771484375 0.13942931258106356 0.409423828125
0 0.21627756160830092 0.2354736328125 0.13618677042801555 0.430419921875
0 0.07846952010376135 0.2374267578125 0.13942931258106356 0.418212890625
