0 0.8921854734111544 0.355224609375 0.17023346303501946 0.28857421875
0 0.3842412451361868 0.38134765625 0.1511024643320363 0.26318359375
0 0.11446173800259403 0.390380859375 0.1828793774319066 0.23779296875
0 0.47422178988326846 0.6734619140625 0.08268482490272373 0.159423828125
0 0.2504863813229572 0.3828125 0.1520752269779507 0.25830078125
0 0.38910505836575876 0.6724853515625 0.08690012970168612 0.162353515625
0 0.6778534370946823 0.4027099609375 0.11121919584954604 0.210205078125
0 0.5565823605706874 0.6744384765625 0.08398184176394292 0.160888671875
0 0.7835603112840467 0.3809814453125 0.10667963683527885 0.245361328125
0 0.8109597924773022 0.671142578125 0.09533073929961089 0.15673828125
0 0.30625810635538264 0.674560546875 0.08527885862516213 0.15771484375
0 0.6402399481193255 0.6729736328125 0.08592736705577173 0.159423828125
0 0.562094682230869 0.37548828125 0.1222438391699092 0.2724609375
0 0.7242217898832685 0.6712646484375 0.08268482490272373 0.156494140625
0 0.12386511024643321 0.6871337890625 0.10311284046692606 0.169189453125
