0 0.6932555123216602 0.2691650390625 0.17055771725032426 0.451416015625
0 0.2144941634241245 0.8076171875 0.14364461738002593 0.37353515625
0 0.34808690012970167 0.8062744140625 0.14040207522697795 0.373291015625
0 0.7868028534370947 0.803955078125 0.13197146562905318 0.3720703125
0 0.3467898832684825 0.252685546875 0.16893644617380027 0.50537109375
0 0.6486705577172504 0.8026123046875 0.13651102464332035 0.382080078125
0 0.49335278858625164 0.8023681640625 0.13910505836575876 0.387939453125
0 0.5136186770428015 0.2806396484375 0.16861219195849547 0.423095703125
0 0.17071984435797666 0.28759765625 0.20201037613488976 0.4306640625
0 0.8686770428015564 0.291259765625 0.1608300907911803 0.4072265625
