0 0.2506485084306096 0.5584716796875 0.048638132295719845 0.149658203125
0 0.20022697795071337 0.5584716796875 0.04701686121919585 0.151123046875
0 0.1512645914396887 0.5589599609375 0.04636835278858625 0.151611328125
0 0.25 0.77880859375 0.04539559014267185 0.1630859375
0 0.20217250324254216 0.7786865234375 0.04571984435797665 0.162353515625
0 0.34841115434500647 0.778076171875 0.047665369649805445 0.16552734375
0 0.3020428015564202 0.5577392578125 0.047665369649805445 0.149169921875
0 0.10197795071335927 0.5589599609375 0.047665369649805445 0.152587890625
0 0.29944876783398183 0.7791748046875 0.04701686121919585 0.162353515625
0 0.3973735408560311 0.77783203125 0.04636835278858625 0.16650390625
0 0.1548313878080415 0.778076171875 0.04571984435797665 0.162109375
0 0.10311284046692606 0.7799072265625 0.051232166018158234 0.160400390625
0 0.8296044098573282 0.557861328125 0.04896238651102464 0.14599609375
0 0.7796692607003891 0.5579833984375 0.04701686121919585 0.143798828125
0 0.051070038910505836 0.5582275390625 0.04961089494163424 0.154541015625
0 0.4782749675745785 0.333251953125 0.04734111543450065 0.15185546875
0 0.7323281452658884 0.55810546875 0.04571984435797665 0.14794921875
0 0.6840142671854734 0.5584716796875 0.04701686121919585 0.147705078125
0 0.49302853437094685 0.557373046875 0.04377431906614786 0.14892578125
0 0.44422827496757455 0.7783203125 0.04474708171206226 0.16455078125
0 0.3976977950713359 0.5531005859375 0.047665369649805445 0.159912109375
0 0.23686770428015563 0.0946044921875 0.053501945525291826 0.143310546875
0 0.5392347600518806 0.557861328125 0.04474708171206226 0.1484375
0 0.05009727626459144 0.780029296875 0.04896238651102464 0.15771484375
0 0.6832036316472114 0.09814453125 0.04993514915693904 0.14404296875
0 0.4914072632944228 0.7801513671875 0.04571984435797665 0.158447265625
0 0.7336251621271076 0.097900390625 0.04831387808041505 0.14599609375
0 0.4278534370946822 0.333251953125 0.04896238651102464 0.15087890625
0 0.18125810635538261 0.0931396484375 0.055771725032425425 0.145751953125
0 0.8777561608300908 0.5576171875 0.04474708171206226 0.14501953125
0 0.4456874189364462 0.5517578125 0.04701686121919585 0.16259765625
0 0.7824254215304799 0.0982666015625 0.04734111543450065 0.146728515625
0 0.6799610894941635 0.7769775390625 0.04539559014267185 0.156494140625
0 0.8317120622568094 0.09912109375 0.04734111543450065 0.14306640625
0 0.3777561608300908 0.333740234375 0.04798962386511025 0.1513671875
0 0.1254863813229572 0.0904541015625 0.05188067444876784 0.149658203125
0 0.5674448767833982 0.3326416015625 0.04993514915693904 0.150634765625
0 0.5865758754863813 0.0977783203125 0.054474708171206226 0.139404296875
0 0.32749675745784695 0.332763671875 0.04798962386511025 0.1513671875
0 0.6348897535667963 0.558837890625 0.04539559014267185 0.14697265625
0 0.2496757457846952 0.971435546875 0.05058365758754864 0.05712890625
0 0.07166018158236057 0.091552734375 0.05317769130998703 0.146484375
0 0.586413748378729 0.5579833984375 0.045071335927367055 0.148193359375
0 0.7704280155642024 0.7720947265625 0.04409857328145266 0.159423828125
0 0.8180933852140078 0.7734375 0.04798962386511025 0.16064453125
0 0.3317120622568093 0.0986328125 0.05058365758754864 0.13720703125
0 0.6335927367055771 0.77880859375 0.04539559014267185 0.15576171875
0 0.19828145265888455 0.9698486328125 0.052204928664072635 0.060302734375
0 0.2775616083009079 0.33203125 0.04734111543450065 0.14794921875
0 0.3844033722438392 0.0975341796875 0.04961089494163424 0.138427734375
0 0.07879377431906615 0.3287353515625 0.04928664072632944 0.149169921875
0 0.5335603112840467 0.097412109375 0.04961089494163424 0.1376953125
0 0.7243839169909209 0.3299560546875 0.04474708171206226 0.148193359375
0 0.8158236057068742 0.3284912109375 0.040207522697795074 0.149169921875
0 0.4348249027237354 0.09619140625 0.04798962386511025 0.14501953125
0 0.6235408560311284 0.33056640625 0.04993514915693904 0.146484375
0 0.22795071335927367 0.328857421875 0.04798962386511025 0.14892578125
0 0.7714007782101168 0.328369140625 0.04409857328145266 0.15234375
0 0.17720492866407264 0.330322265625 0.04831387808041505 0.1494140625
0 0.48313878080415046 0.0965576171875 0.04798962386511025 0.140869140625
0 0.7250324254215305 0.7747802734375 0.04409857328145266 0.159423828125
0 0.586413748378729 0.776611328125 0.04442282749675746 0.1640625
0 0.522697795071336 0.3365478515625 0.038910505836575876 0.143310546875
0 0.02594033722438392 0.9696044921875 0.04734111543450065 0.060791015625
0 0.5392347600518806 0.779296875 0.04474708171206226 0.16162109375
0 0.02237354085603113 0.0909423828125 0.04474708171206226 0.149658203125
0 0.03453307392996109 0.33203125 0.03728923476005188 0.14501953125
0 0.8613813229571985 0.3272705078125 0.04636835278858625 0.149658203125
0 0.8762970168612192 0.100830078125 0.039234760051880674 0.1416015625
0 0.8597600518806745 0.7664794921875 0.039234760051880674 0.148681640625
0 0.07149805447470817 0.966552734375 0.045071335927367055 0.0654296875
0 0.3670557717250324 0.982421875 0.0648508430609598 0.0341796875
0 0.12759403372243838 0.9808349609375 0.052204928664072635 0.037841796875
