0 0.4155317769130999 0.164794921875 0.12808041504539558 0.32958984375
0 0.35635538261997407 0.5281982421875 0.09987029831387809 0.280517578125
0 0.21044098573281453 0.8358154296875 0.09922178988326848 0.234619140625
0 0.26313229571984437 0.5272216796875 0.10214007782101167 0.286376953125
0 0.2929636835278859 0.8310546875 0.0937094682230869 0.23779296875
0 0.5278858625162127 0.16455078125 0.12127107652399481 0.3291015625
0 0.17509727626459143 0.5333251953125 0.11608300907911803 0.284423828125
0 0.30496108949416345 0.1641845703125 0.12159533073929961 0.328369140625
0 0.12872892347600517 0.8431396484375 0.10505836575875487 0.218505859375
0 0.3745136186770428 0.83056640625 0.08495460440985733 0.2373046875
0 0.5403696498054474 0.5286865234375 0.09046692607003891 0.269287109375
0 0.4489299610894942 0.5283203125 0.09500648508430609 0.2734375
0 0.04944876783398184 0.836669921875 0.09889753566796368 0.23291015625
0 0.07911802853437094 0.541015625 0.122568093385214 0.2705078125
0 0.4567120622568093 0.8341064453125 0.08398184176394292 0.220947265625
0 0.9508754863813229 0.81884765625 0.09824902723735408 0.2109375
0 0.08722438391699092 0.1661376953125 0.13878080415045396 0.332275390625
0 0.5411802853437094 0.8338623046875 0.08300907911802853 0.225830078125
0 0.19779507133592736 0.163818359375 0.12840466926070038 0.32763671875
0 0.8618677042801557 0.8045654296875 0.0914396887159533 0.250732421875
0 0.9278534370946823 0.510009765625 0.09695201037613489 0.27099609375
