0 0.559662775616083 0.3636474609375 0.14137483787289234 0.481201171875
0 0.12370298313878081 0.362548828125 0.1825551232166018 0.47802734375
0 0.2726977950713359 0.3612060546875 0.17250324254215305 0.474365234375
0 0.42088197146562906 0.359375 0.14007782101167315 0.4755859375
0 0.3411154345006485 0.8052978515625 0.1219195849546044 0.257080078125
0 0.46125162127107655 0.8251953125 0.12354085603112841 0.30712890625
0 0.5828469520103762 0.8297119140625 0.12354085603112841 0.301025390625
0 0.7119001297016861 0.3587646484375 0.1566147859922179 0.502685546875
0 0.707360570687419 0.826904296875 0.10732814526588845 0.30908203125
0 0.20379377431906615 0.82763671875 0.14299610894941633 0.3046875
0 0.9156939040207522 0.8291015625 0.09014267185473411 0.28662109375
