0 0.7422178988326849 0.2822265625 0.16666666666666666 0.46337890625
0 0.5896562905317769 0.279296875 0.1611543450064851 0.4697265625
0 0.8894293125810635 0.3067626953125 0.16536964980544747 0.403076171875
0 0.446011673151751 0.282958984375 0.13456549935149156 0.48095703125
0 0.29766536964980544 0.2911376953125 0.13683527885862518 0.455810546875
0 0.1577496757457847 0.3115234375 0.15920881971465628 0.400390625
0 0.3633268482490272 0.7984619140625 0.1293774319066148 0.362060546875
0 0.5115110246433203 0.7030029296875 0.0937094682230869 0.218994140625
0 0.2487029831387808 0.7930908203125 0.10311284046692606 0.348876953125
0 0.8904020752269779 0.7955322265625 0.10894941634241245 0.332275390625
0 0.11981193255512322 0.8037109375 0.13456549935149156 0.36181640625
0 0.7146562905317769 0.7218017578125 0.09014267185473411 0.260498046875
0 0.6125162127107653 0.7022705078125 0.08754863813229571 0.215576171875
