0 0.7786964980544747 0.3033447265625 0.13780804150453957 0.351318359375
0 0.8918612191958496 0.6690673828125 0.11640726329442283 0.232666015625
0 0.3545719844357977 0.6710205078125 0.09824902723735408 0.254150390625
0 0.7059014267185474 0.668701171875 0.10116731517509728 0.24267578125
0 0.6619649805447471 0.2962646484375 0.1267833981841764 0.366455078125
0 0.25713359273670555 0.673095703125 0.10311284046692606 0.25244140625
0 0.8028534370946823 0.6685791015625 0.11348897535667964 0.241943359375
0 0.6089494163424124 0.668701171875 0.10181582360570687 0.23974609375
0 0.15953307392996108 0.673828125 0.11089494163424124 0.251953125
0 0.4286640726329442 0.2718505859375 0.1219195849546044 0.405517578125
0 0.45298313878080415 0.6737060546875 0.0927367055771725 0.244873046875
0 0.3090142671854734 0.277587890625 0.12905317769131 0.39306640625
0 0.08073929961089495 0.2864990234375 0.1549935149156939 0.394775390625
0 0.9009403372243839 0.301025390625 0.15337224383916992 0.35400390625
0 0.19617380025940337 0.287109375 0.13813229571984437 0.3828125
0 0.545071335927367 0.2891845703125 0.11543450064850844 0.373291015625
