0 0.5196173800259404 0.4288330078125 0.1228923476005188 0.385498046875
0 0.7094682230869002 0.81396484375 0.10116731517509728 0.25439453125
0 0.6045719844357976 0.8155517578125 0.10797665369649806 0.262451171875
0 0.2814526588845655 0.42578125 0.13748378728923477 0.38671875
0 0.4025616083009079 0.42529296875 0.1248378728923476 0.3857421875
0 0.6400778210116731 0.4273681640625 0.11997405966277562 0.378662109375
0 0.49497405966277563 0.8134765625 0.11835278858625162 0.2607421875
0 0.37029831387808043 0.82177734375 0.11348897535667964 0.267578125
0 0.2623216601815824 0.817626953125 0.11024643320363164 0.2626953125
0 0.7577821011673151 0.4256591796875 0.1245136186770428 0.370361328125
0 0.04345006485084306 0.748779296875 0.07587548638132295 0.19580078125
0 0.9246108949416343 0.8028564453125 0.10149156939040208 0.333740234375
