0 0.13213359273670558 0.769775390625 0.0911154345006485 0.23486328125
0 0.4693579766536965 0.776611328125 0.08203631647211414 0.24267578125
0 0.8792153047989624 0.781494140625 0.08138780804150454 0.24853515625
0 0.3848897535667964 0.775390625 0.08171206225680934 0.23974609375
0 0.7094682230869002 0.77880859375 0.07976653696498054 0.24072265625
0 0.796692607003891 0.780517578125 0.08041504539559015 0.2412109375
0 0.4062905317769131 0.4942626953125 0.08171206225680934 0.248779296875
0 0.2170881971465629 0.7711181640625 0.08527885862516213 0.238037109375
0 0.628242542153048 0.779296875 0.07749675745784695 0.24365234375
0 0.5492866407263295 0.778564453125 0.07911802853437094 0.24267578125
0 0.7929636835278858 0.1793212890625 0.0911154345006485 0.271728515625
0 0.829928664072633 0.492919921875 0.08657587548638132 0.2587890625
0 0.25405317769131 0.183837890625 0.08852140077821012 0.26611328125
0 0.15888456549935148 0.4952392578125 0.08171206225680934 0.252197265625
0 0.6170557717250325 0.181396484375 0.08690012970168612 0.27001953125
0 0.7023346303501945 0.17919921875 0.08884565499351492 0.2724609375
0 0.8844033722438391 0.1781005859375 0.09241245136186771 0.272705078125
0 0.30009727626459143 0.776123046875 0.08722438391699092 0.23681640625
0 0.24075875486381323 0.4942626953125 0.08009079118028535 0.254150390625
0 0.4361219195849546 0.182373046875 0.0907911802853437 0.26416015625
0 0.16309987029831388 0.1844482421875 0.08430609597924774 0.261962890625
0 0.3458171206225681 0.1842041015625 0.08592736705577173 0.262451171875
0 0.5261024643320363 0.1826171875 0.0917639429312581 0.2724609375
0 0.3227950713359274 0.4952392578125 0.07619974059662776 0.246826171875
0 0.49481193255512324 0.4935302734375 0.08041504539559015 0.249755859375
0 0.6545071335927367 0.49609375 0.08333333333333333 0.25390625
0 0.7448119325551232 0.49365234375 0.08495460440985733 0.2529296875
0 0.04555771725032425 0.7685546875 0.08852140077821012 0.23681640625
0 0.08236057068741894 0.1893310546875 0.08171206225680934 0.253662109375
0 0.9588197146562906 0.7794189453125 0.07782101167315175 0.248291015625
0 0.5742542153047989 0.49462890625 0.07587548638132295 0.24853515625
0 0.9233138780804151 0.4844970703125 0.08657587548638132 0.271240234375
0 0.07409208819714656 0.4937744140625 0.08333333333333333 0.247314453125
