0 0.6302083333333334 0.1866455078125 0.10872395833333333 0.363525390625
0 0.7371419270833334 0.18408203125 0.1220703125 0.3671875
0 0.5276692708333334 0.1942138671875 0.107421875 0.340576171875
0 0.3098958333333333 0.1907958984375 0.10481770833333333 0.345458984375
0 0.5865885416666666 0.7537841796875 0.14973958333333334 0.388427734375
0 0.4189453125 0.19384765625 0.10611979166666667 0.3408203125
0 0.205078125 0.78857421875 0.09244791666666667 0.255859375
0 0.20296223958333334 0.18896484375 0.1103515625 0.349609375
0 0.4456380208333333 0.7628173828125 0.14322916666666666 0.357666015625
0 0.10074869791666667 0.1915283203125 0.11165364583333333 0.346923828125
0 0.33837890625 0.7684326171875 0.09342447916666667 0.256591796875
0 0.7345377604166666 0.76123046875 0.15462239583333334 0.38818359375
0 0.12923177083333334 0.766357421875 0.08203125 0.251953125
