0 0.45476653696498054 0.868896484375 0.09954604409857327 0.25048828125
0 0.7741569390402075 0.5447998046875 0.11381322957198443 0.305908203125
0 0.25745784695201035 0.8638916015625 0.0959792477302205 0.247314453125
0 0.5515564202334631 0.86474609375 0.09208819714656291 0.24267578125
0 0.7375162127107653 0.860107421875 0.0917639429312581 0.2421875
0 0.8756485084306096 0.543701171875 0.11900129701686121 0.31396484375
0 0.6472114137483788 0.86572265625 0.09533073929961089 0.24560546875
0 0.16618028534370946 0.86767578125 0.09500648508430609 0.2529296875
0 0.3534370946822309 0.8714599609375 0.0966277561608301 0.235107421875
0 0.8297665369649806 0.85986328125 0.0966277561608301 0.24365234375
0 0.17979896238651102 0.5458984375 0.11121919584954604 0.3095703125
0 0.917639429312581 0.8577880859375 0.09857328145265888 0.245849609375
0 0.4781128404669261 0.5531005859375 0.0943579766536965 0.291748046875
0 0.2786964980544747 0.545654296875 0.10603112840466926 0.30419921875
0 0.6733138780804151 0.549560546875 0.10603112840466926 0.294921875
0 0.07652399481193256 0.866943359375 0.09727626459143969 0.248046875
0 0.38099870298313876 0.5511474609375 0.10246433203631647 0.295166015625
0 0.07733463035019456 0.5374755859375 0.1222438391699092 0.315185546875
0 0.5749027237354085 0.549560546875 0.09987029831387809 0.298828125
