0 0.2240596627756161 0.3018798828125 0.12321660181582361 0.344482421875
0 0.7563229571984436 0.299072265625 0.1293774319066148 0.33740234375
0 0.811284046692607 0.64453125 0.09987029831387809 0.25537109375
0 0.4383916990920882 0.303466796875 0.11284046692607004 0.345703125
0 0.1227302204928664 0.3082275390625 0.11511024643320363 0.322998046875
0 0.3323605706874189 0.3016357421875 0.11089494163424124 0.347900390625
0 0.15321011673151752 0.642822265625 0.0943579766536965 0.2646484375
0 0.7229247730220493 0.6505126953125 0.0963035019455253 0.258544921875
0 0.8639753566796369 0.2991943359375 0.12354085603112841 0.326416015625
0 0.6272697795071336 0.6517333984375 0.0963035019455253 0.259033203125
0 0.5342088197146563 0.6497802734375 0.08981841763942931 0.261962890625
0 0.05560959792477302 0.6451416015625 0.10862516212710766 0.272216796875
0 0.13326848249027237 0.908203125 0.08949416342412451 0.1826171875
0 0.6527237354085603 0.3016357421875 0.122568093385214 0.346435546875
0 0.2182230869001297 0.90966796875 0.09014267185473411 0.1806640625
0 0.4413099870298314 0.649169921875 0.0927367055771725 0.25830078125
0 0.7905317769130998 0.9111328125 0.0914396887159533 0.177734375
0 0.8994811932555123 0.6478271484375 0.10700389105058365 0.260986328125
0 0.706549935149157 0.91162109375 0.0927367055771725 0.1767578125
0 0.2480544747081712 0.6475830078125 0.0966277561608301 0.264404296875
0 0.5463683527885862 0.3055419921875 0.11219195849546044 0.344482421875
0 0.3459792477302205 0.6474609375 0.0914396887159533 0.259765625
0 0.6084630350194552 0.9127197265625 0.09695201037613489 0.174560546875
0 0.04636835278858625 0.9078369140625 0.09014267185473411 0.184326171875
0 0.8715953307392996 0.9112548828125 0.0907911802853437 0.177490234375
0 0.30836575875486383 0.90966796875 0.08949416342412451 0.1806640625
0 0.5325875486381323 0.889892578125 0.05933852140077821 0.11767578125
