0 0.7641050583657587 0.165771484375 0.08333333333333333 0.25
0 0.6866083009079118 0.1640625 0.08009079118028535 0.25341796875
0 0.6061932555123216 0.1634521484375 0.08009079118028535 0.253662109375
0 0.08835927367055772 0.4737548828125 0.0917639429312581 0.222412109375
0 0.5282101167315175 0.1649169921875 0.07846952010376135 0.253173828125
0 0.16828793774319067 0.477783203125 0.08171206225680934 0.21240234375
0 0.8441958495460441 0.1658935546875 0.0911154345006485 0.247802734375
0 0.3670557717250324 0.166015625 0.07976653696498054 0.255859375
0 0.24140726329442283 0.475830078125 0.07619974059662776 0.21240234375
0 0.20946822308690013 0.1708984375 0.08560311284046693 0.251953125
0 0.28842412451361865 0.171142578125 0.08009079118028535 0.2509765625
0 0.3109597924773022 0.4757080078125 0.06939040207522698 0.213623046875
0 0.4490920881971466 0.1651611328125 0.08106355382619974 0.256591796875
0 0.44422827496757455 0.7235107421875 0.062905317769131 0.179443359375
0 0.03388456549935149 0.722412109375 0.06712062256809338 0.185546875
0 0.13505188067444876 0.1688232421875 0.0911154345006485 0.254150390625
0 0.37970168612191957 0.4761962890625 0.06679636835278858 0.209228515625
0 0.38132295719844356 0.72509765625 0.05966277561608301 0.17431640625
0 0.5684176394293126 0.7244873046875 0.061608300907911806 0.179931640625
0 0.4479571984435798 0.475341796875 0.06582360570687419 0.20703125
0 0.505674448767834 0.7196044921875 0.05933852140077821 0.186279296875
0 0.09711413748378729 0.721923828125 0.07101167315175097 0.18115234375
0 0.5160505836575876 0.4744873046875 0.06841763942931259 0.209228515625
0 0.6940661478599222 0.7254638671875 0.061932555123216604 0.177001953125
0 0.757295719844358 0.720703125 0.064526588845655 0.1806640625
0 0.9609273670557718 0.719970703125 0.06582360570687419 0.16845703125
0 0.059500648508430606 0.173095703125 0.10084306095979248 0.2392578125
0 0.5854409857328146 0.47412109375 0.06841763942931259 0.21044921875
0 0.6309987029831388 0.7265625 0.061608300907911806 0.1767578125
0 0.9401750972762646 0.16748046875 0.0937094682230869 0.24609375
0 0.7226005188067445 0.4754638671875 0.06971465629053178 0.204833984375
0 0.17088197146562906 0.9285888671875 0.055771725032425425 0.142822265625
0 0.7953955901426718 0.473876953125 0.07328145265888457 0.205078125
0 0.6536964980544747 0.4755859375 0.06744487678339818 0.205078125
0 0.8655966277561609 0.92578125 0.05998702983138781 0.14501953125
0 0.3211738002594034 0.722900390625 0.061284046692607 0.17724609375
0 0.8086900129701686 0.9237060546875 0.058365758754863814 0.149658203125
0 0.22730220492866407 0.9307861328125 0.05642023346303502 0.136474609375
0 0.831549935149157 0.72021484375 0.06712062256809338 0.17919921875
0 0.11202983138780805 0.9276123046875 0.0651750972762646 0.144775390625
0 0.5179961089494164 0.92529296875 0.054798962386511024 0.14306640625
0 0.25486381322957197 0.730712890625 0.0654993514915694 0.16796875
0 0.8973735408560312 0.7205810546875 0.064526588845655 0.175537109375
0 0.3427367055771725 0.9278564453125 0.05642023346303502 0.139404296875
0 0.6926070038910506 0.9219970703125 0.05512321660181582 0.146728515625
0 0.9531452658884566 0.471923828125 0.07425421530479896 0.2099609375
0 0.8797016861219196 0.4771728515625 0.06939040207522698 0.202392578125
0 0.9223411154345007 0.926513671875 0.06387808041504539 0.1455078125
0 0.7503242542153048 0.924072265625 0.058365758754863814 0.1494140625
0 0.05301556420233463 0.9273681640625 0.05933852140077821 0.145263671875
0 0.9727626459143969 0.9219970703125 0.054474708171206226 0.152587890625
0 0.46173800259403375 0.9259033203125 0.05512321660181582 0.145263671875
0 0.28599221789883267 0.9296875 0.054474708171206226 0.13671875
0 0.6355382619974059 0.9320068359375 0.05771725032425422 0.131591796875
0 0.4027237354085603 0.930908203125 0.05642023346303502 0.13330078125
0 0.5758754863813229 0.9306640625 0.05382619974059663 0.1318359375
