0 0.4153696498054475 0.86865234375 0.06355382619974059 0.16845703125
0 0.2846952010376135 0.8701171875 0.0654993514915694 0.1669921875
0 0.544260700389105 0.8724365234375 0.06582360570687419 0.172607421875
0 0.7388132295719845 0.872802734375 0.06582360570687419 0.16796875
0 0.4787613488975357 0.87060546875 0.064526588845655 0.17236328125
0 0.08673800259403372 0.864501953125 0.07425421530479896 0.16552734375
0 0.2198443579766537 0.87060546875 0.0648508430609598 0.1640625
0 0.6099221789883269 0.873046875 0.0654993514915694 0.17431640625
0 0.1611543450064851 0.324462890625 0.08365758754863813 0.25
0 0.3151750972762646 0.3294677734375 0.07522697795071336 0.247802734375
0 0.24011024643320364 0.327392578125 0.07619974059662776 0.2509765625
0 0.41131647211413747 0.63037109375 0.07101167315175097 0.11767578125
0 0.9142347600518806 0.8702392578125 0.061932555123216604 0.165283203125
0 0.8553826199740596 0.861328125 0.051232166018158234 0.16015625
0 0.4798962386511025 0.6279296875 0.06809338521400778 0.11865234375
0 0.34970817120622566 0.867919921875 0.064526588845655 0.16357421875
0 0.1548313878080415 0.8663330078125 0.0651750972762646 0.171142578125
0 0.8017185473411155 0.870361328125 0.05998702983138781 0.16748046875
0 0.38926718547341116 0.328369140625 0.07619974059662776 0.24658203125
0 0.6739623865110247 0.8743896484375 0.0651750972762646 0.169189453125
0 0.5462062256809338 0.6298828125 0.06841763942931259 0.1201171875
0 0.6113813229571985 0.6292724609375 0.07490272373540856 0.118896484375
0 0.2232490272373541 0.6298828125 0.08009079118028535 0.12646484375
0 0.6715304798962386 0.6270751953125 0.08106355382619974 0.118896484375
0 0.7323281452658884 0.626220703125 0.09565499351491569 0.12109375
0 0.9730869001297017 0.87060546875 0.05382619974059663 0.16650390625
0 0.46400778210116733 0.3289794921875 0.07133592736705577 0.241943359375
0 0.08203631647211414 0.325439453125 0.08041504539559015 0.24462890625
0 0.5374513618677043 0.32861328125 0.07166018158236057 0.24365234375
0 0.6126783398184177 0.3148193359375 0.07490272373540856 0.264404296875
0 0.9114785992217899 0.3165283203125 0.08819714656290532 0.255126953125
0 0.7963683527885862 0.625732421875 0.10894941634241245 0.12255859375
0 0.8352788586251622 0.3321533203125 0.07068741893644617 0.219970703125
0 0.2835603112840467 0.630859375 0.07879377431906615 0.12548828125
0 0.3464656290531777 0.6309814453125 0.07230869001297018 0.120849609375
0 0.7623216601815823 0.3182373046875 0.06874189364461739 0.247314453125
0 0.6893644617380026 0.302978515625 0.07328145265888457 0.2822265625
0 0.7585927367055771 0.6275634765625 0.10214007782101167 0.121337890625
0 0.054636835278858625 0.616943359375 0.10927367055771725 0.1376953125
0 0.9674124513618677 0.3231201171875 0.064526588845655 0.253662109375
