0 0.7268158236057068 0.6959228515625 0.07425421530479896 0.198486328125
0 0.7953955901426718 0.69580078125 0.07003891050583658 0.1982421875
0 0.6473735408560312 0.69384765625 0.07879377431906615 0.21044921875
0 0.8636511024643321 0.6947021484375 0.07425421530479896 0.204833984375
0 0.5719844357976653 0.68994140625 0.07263294422827497 0.2138671875
0 0.3715953307392996 0.6904296875 0.06614785992217899 0.2099609375
0 0.4380674448767834 0.6898193359375 0.06874189364461739 0.212646484375
0 0.30479896238651105 0.6907958984375 0.07003891050583658 0.207763671875
0 0.7290856031128404 0.4593505859375 0.07490272373540856 0.211669921875
0 0.8730544747081712 0.4544677734375 0.08398184176394292 0.199462890625
0 0.8035019455252919 0.45849609375 0.07846952010376135 0.21240234375
0 0.23167963683527887 0.697265625 0.07619974059662776 0.197265625
0 0.5038910505836576 0.69140625 0.0648508430609598 0.21337890625
0 0.6548313878080415 0.45556640625 0.07295719844357977 0.21435546875
0 0.9476329442282749 0.454833984375 0.08073929961089495 0.2021484375
0 0.5079442282749675 0.456298828125 0.07295719844357977 0.2080078125
0 0.9333657587548638 0.6910400390625 0.06971465629053178 0.210693359375
0 0.5826848249027238 0.453857421875 0.07068741893644617 0.20849609375
0 0.437094682230869 0.4541015625 0.06809338521400778 0.2119140625
0 0.2931258106355383 0.1563720703125 0.0940337224383917 0.060791015625
0 0.3670557717250324 0.4390869140625 0.07198443579766536 0.188232421875
0 0.21546692607003892 0.503662109375 0.08463035019455253 0.10693359375
0 0.2916666666666667 0.4869384765625 0.07425421530479896 0.128662109375
