0 0.6945525291828794 0.2069091796875 0.04928664072632944 0.141357421875
0 0.11932555123216602 0.7371826171875 0.048638132295719845 0.142822265625
0 0.44503891050583655 0.7386474609375 0.04571984435797665 0.143798828125
0 0.643644617380026 0.206298828125 0.04928664072632944 0.14111328125
0 0.2133592736705577 0.7392578125 0.04798962386511025 0.1416015625
0 0.3960765239948119 0.738525390625 0.04636835278858625 0.1455078125
0 0.9048313878080415 0.2259521484375 0.05544747081712062 0.113037109375
0 0.06987678339818418 0.7384033203125 0.05090791180285344 0.142333984375
0 0.16618028534370946 0.739013671875 0.045071335927367055 0.146484375
0 0.49351491569390404 0.7369384765625 0.04734111543450065 0.138427734375
0 0.35684176394293127 0.199951171875 0.04571984435797665 0.13818359375
0 0.1574254215304799 0.191650390625 0.04961089494163424 0.14306640625
0 0.4033722438391699 0.2022705078125 0.04345006485084306 0.139892578125
0 0.7660505836575876 0.9102783203125 0.042477302204928666 0.128662109375
0 0.855544747081712 0.2255859375 0.05544747081712062 0.1103515625
0 0.10862516212710766 0.191162109375 0.04734111543450065 0.14306640625
0 0.26264591439688717 0.73974609375 0.046044098573281456 0.142578125
0 0.7217898832684825 0.9100341796875 0.042801556420233464 0.134033203125
0 0.49594682230869 0.2059326171875 0.04571984435797665 0.139404296875
0 0.14575226977950714 0.5487060546875 0.04961089494163424 0.140869140625
0 0.30723086900129704 0.74169921875 0.04312581063553826 0.14111328125
0 0.8558690012970168 0.90771484375 0.045071335927367055 0.134765625
0 0.38845654993514916 0.548095703125 0.048638132295719845 0.13720703125
0 0.5911154345006485 0.2095947265625 0.04798962386511025 0.133056640625
0 0.33803501945525294 0.5487060546875 0.04961089494163424 0.135986328125
0 0.8098249027237354 0.90771484375 0.04312581063553826 0.1357421875
0 0.38099870298313876 0.9132080078125 0.057068741893644616 0.149169921875
0 0.5429636835278858 0.2088623046875 0.04571984435797665 0.133544921875
0 0.059500648508430606 0.189453125 0.04961089494163424 0.14794921875
0 0.24205577172503243 0.378173828125 0.04377431906614786 0.14111328125
0 0.09711413748378729 0.5501708984375 0.04701686121919585 0.139892578125
0 0.8287937743190662 0.553955078125 0.04345006485084306 0.13720703125
0 0.6778534370946823 0.914306640625 0.04182879377431906 0.13134765625
0 0.38715953307393 0.3831787109375 0.04474708171206226 0.132568359375
0 0.19098573281452658 0.5498046875 0.046044098573281456 0.134765625
0 0.5484760051880675 0.741455078125 0.047665369649805445 0.14501953125
0 0.43190661478599224 0.3856201171875 0.04215304798962387 0.130126953125
0 0.44439040207522695 0.9122314453125 0.05544747081712062 0.145751953125
0 0.48492217898832685 0.553466796875 0.04571984435797665 0.1328125
0 0.33916990920881973 0.38330078125 0.04734111543450065 0.13232421875
0 0.28842412451361865 0.379150390625 0.04442282749675746 0.1396484375
0 0.4494163424124514 0.2056884765625 0.04409857328145266 0.135986328125
0 0.053501945525291826 0.371826171875 0.04928664072632944 0.14599609375
0 0.28631647211413747 0.548583984375 0.05252918287937743 0.13720703125
0 0.726491569390402 0.7408447265625 0.04312581063553826 0.137451171875
0 0.5953307392996109 0.7412109375 0.04085603112840467 0.14208984375
0 0.6530479896238651 0.385986328125 0.042801556420233464 0.13525390625
0 0.6566147859922179 0.550537109375 0.042801556420233464 0.134765625
0 0.4372568093385214 0.5494384765625 0.047665369649805445 0.137451171875
0 0.6819066147859922 0.7396240234375 0.04085603112840467 0.141357421875
0 0.35068093385214005 0.7388916015625 0.04312581063553826 0.144775390625
0 0.19584954604409857 0.3785400390625 0.04539559014267185 0.138916015625
0 0.5282101167315175 0.55322265625 0.04345006485084306 0.13427734375
0 0.6982814526588845 0.38671875 0.042477302204928666 0.1357421875
0 0.6386186770428015 0.7406005859375 0.04182879377431906 0.144287109375
0 0.20622568093385213 0.2005615234375 0.048638132295719845 0.129150390625
0 0.7720492866407264 0.7393798828125 0.04215304798962387 0.140869140625
0 0.959792477302205 0.7386474609375 0.04474708171206226 0.137451171875
0 0.6345654993514915 0.916015625 0.040207522697795074 0.13037109375
0 0.8154993514915694 0.740234375 0.04409857328145266 0.13720703125
0 0.6995784695201037 0.5518798828125 0.04377431906614786 0.135986328125
0 0.5904669260700389 0.9149169921875 0.04539559014267185 0.134033203125
0 0.048800259403372244 0.549560546875 0.04701686121919585 0.140625
0 0.6095979247730221 0.3878173828125 0.042801556420233464 0.131103515625
0 0.7420557717250325 0.5523681640625 0.04118028534370947 0.135986328125
0 0.7853437094682231 0.5526123046875 0.04345006485084306 0.137939453125
0 0.8628404669260701 0.740234375 0.048638132295719845 0.14111328125
0 0.9108300907911803 0.740478515625 0.04734111543450065 0.1396484375
0 0.945201037613489 0.9061279296875 0.04345006485084306 0.133544921875
0 0.10295071335927367 0.3736572265625 0.04571984435797665 0.145751953125
0 0.5214007782101168 0.386474609375 0.042801556420233464 0.12939453125
0 0.499189364461738 0.913818359375 0.047665369649805445 0.138671875
0 0.47649156939040205 0.385498046875 0.04377431906614786 0.1337890625
0 0.8777561608300908 0.3922119140625 0.041504539559014265 0.137939453125
0 0.565337224383917 0.387939453125 0.042477302204928666 0.126953125
0 0.8751621271076524 0.5540771484375 0.046044098573281456 0.137939453125
0 0.23686770428015563 0.54931640625 0.04896238651102464 0.13671875
0 0.5698767833981842 0.5535888671875 0.04053177691309987 0.132568359375
0 0.6120298313878081 0.5509033203125 0.04442282749675746 0.137451171875
0 0.5440985732814526 0.9151611328125 0.041504539559014265 0.131591796875
0 0.8351167315175098 0.3916015625 0.03988326848249027 0.13427734375
0 0.9022373540856031 0.9053955078125 0.04442282749675746 0.137939453125
0 0.920071335927367 0.55517578125 0.04118028534370947 0.13671875
0 0.9225032425421531 0.392578125 0.04345006485084306 0.13671875
0 0.14931906614785992 0.3758544921875 0.04442282749675746 0.142822265625
0 0.7916666666666666 0.3990478515625 0.042477302204928666 0.118896484375
0 0.9638456549935149 0.5574951171875 0.04377431906614786 0.131591796875
0 0.7996108949416343 0.2435302734375 0.04409857328145266 0.074951171875
0 0.9833009079118028 0.9056396484375 0.03339818417639429 0.136474609375
