0 0.6121919584954605 0.5845947265625 0.10376134889753567 0.136474609375
0 0.40207522697795073 0.8682861328125 0.08949416342412451 0.217041015625
0 0.3142023346303502 0.8741455078125 0.08819714656290532 0.197998046875
0 0.7021725032425421 0.57958984375 0.11186770428015565 0.142578125
0 0.48686770428015563 0.866455078125 0.08722438391699092 0.21826171875
0 0.4361219195849546 0.5740966796875 0.0927367055771725 0.156494140625
0 0.5215629053177692 0.5845947265625 0.07944228274967574 0.133544921875
0 0.8174448767833982 0.8494873046875 0.0959792477302205 0.196533203125
0 0.5697146562905318 0.856201171875 0.07976653696498054 0.2041015625
0 0.6491569390402075 0.8531494140625 0.07846952010376135 0.200927734375
0 0.8278210116731517 0.2464599609375 0.10181582360570687 0.247802734375
0 0.7266536964980544 0.244384765625 0.11024643320363164 0.25732421875
0 0.625 0.23583984375 0.10343709468223086 0.28271484375
0 0.7258430609597925 0.84228515625 0.08009079118028535 0.19384765625
0 0.9061284046692607 0.8465576171875 0.08787289234760051 0.195556640625
0 0.931420233463035 0.2464599609375 0.10084306095979248 0.246337890625
0 0.5251297016861219 0.238525390625 0.10408560311284047 0.27734375
0 0.33657587548638135 0.580322265625 0.10181582360570687 0.1484375
0 0.22908560311284046 0.6102294921875 0.10862516212710766 0.098388671875
0 0.9706549935149157 0.848876953125 0.05869001297016861 0.19873046875
0 0.4288261997405966 0.2789306640625 0.08787289234760051 0.199462890625
0 0.9095330739299611 0.572021484375 0.16407263294422827 0.16015625
