0 0.38164721141374836 0.4747314453125 0.08690012970168612 0.249267578125
0 0.2913424124513619 0.4771728515625 0.09046692607003891 0.256591796875
0 0.47600518806744485 0.4774169921875 0.08430609597924774 0.249267578125
0 0.559662775616083 0.486083984375 0.08236057068741894 0.22998046875
0 0.4808690012970169 0.1461181640625 0.09922178988326848 0.292236328125
0 0.8702983138780804 0.448486328125 0.09987029831387809 0.25390625
0 0.9283398184176395 0.1407470703125 0.12062256809338522 0.281494140625
0 0.6455901426718548 0.482421875 0.08754863813229571 0.236328125
0 0.3779182879377432 0.1495361328125 0.0963035019455253 0.299072265625
0 0.2777237354085603 0.148193359375 0.10278858625162127 0.2958984375
0 0.5770103761348897 0.14794921875 0.0963035019455253 0.2958984375
0 0.08998054474708171 0.15234375 0.10862516212710766 0.3046875
0 0.6746108949416343 0.14599609375 0.10084306095979248 0.2919921875
0 0.8075551232166018 0.7347412109375 0.07230869001297018 0.223388671875
0 0.8018806744487679 0.4505615234375 0.06939040207522698 0.253662109375
0 0.8683527885862516 0.7392578125 0.06809338521400778 0.21826171875
0 0.8391699092088197 0.1446533203125 0.0966277561608301 0.279052734375
