0 0.6212710765239948 0.3323974609375 0.14850843060959792 0.344970703125
0 0.2193579766536965 0.336669921875 0.13456549935149156 0.31396484375
0 0.7645914396887159 0.327392578125 0.14137483787289234 0.349609375
0 0.4359597924773022 0.739990234375 0.11446173800259403 0.3623046875
0 0.5643644617380026 0.743896484375 0.11316472114137484 0.36328125
0 0.3240920881971466 0.7415771484375 0.11186770428015565 0.372802734375
0 0.35927367055771725 0.333251953125 0.1264591439688716 0.32763671875
0 0.6812581063553826 0.7435302734375 0.11024643320363164 0.366943359375
0 0.4888132295719844 0.326416015625 0.1248378728923476 0.349609375
0 0.794260700389105 0.7469482421875 0.12159533073929961 0.362548828125
0 0.20995460440985733 0.7381591796875 0.11511024643320363 0.375244140625
0 0.9113164721141375 0.7471923828125 0.11705577172503243 0.358642578125
0 0.0928988326848249 0.3404541015625 0.12094682230869001 0.292724609375
0 0.8955901426718548 0.3258056640625 0.1251621271076524 0.347900390625
0 0.0917639429312581 0.756103515625 0.11608300907911803 0.3212890625
0 0.09014267185473411 0.8201904296875 0.11413748378728923 0.204345703125
