0 0.7707522697795072 0.722412109375 0.12062256809338522 0.2880859375
0 0.6639105058365758 0.7166748046875 0.12354085603112841 0.285400390625
0 0.9332036316472114 0.313232421875 0.13359273670557717 0.3828125
0 0.20946822308690013 0.310302734375 0.14072632944228275 0.369140625
0 0.8745136186770428 0.7208251953125 0.11608300907911803 0.289306640625
0 0.8253891050583657 0.314697265625 0.14753566796368353 0.37353515625
0 0.5551232166018158 0.7156982421875 0.12062256809338522 0.288330078125
0 0.4609273670557717 0.3092041015625 0.1248378728923476 0.383544921875
0 0.08122568093385214 0.3011474609375 0.15856031128404668 0.386474609375
0 0.3401426718547341 0.2965087890625 0.12062256809338522 0.405029296875
0 0.7052529182879378 0.30126953125 0.11738002594033722 0.40087890625
0 0.11835278858625162 0.6998291015625 0.11154345006485085 0.296142578125
0 0.5904669260700389 0.2867431640625 0.11089494163424124 0.419677734375
0 0.2248702983138781 0.7052001953125 0.10343709468223086 0.292236328125
0 0.9559014267185474 0.7183837890625 0.08819714656290532 0.287353515625
