0 0.37255859375 0.7806396484375 0.042643229166666664 0.115966796875
0 0.7449544270833334 0.4810791015625 0.044596354166666664 0.101318359375
0 0.5340169270833334 0.4649658203125 0.0400390625 0.131103515625
0 0.48876953125 0.6322021484375 0.038736979166666664 0.128662109375
0 0.4479166666666667 0.6339111328125 0.037760416666666664 0.128173828125
0 0.4039713541666667 0.3043212890625 0.044921875 0.148681640625
0 0.4054361979166667 0.46630859375 0.040690104166666664 0.13134765625
0 0.6124674479166666 0.631103515625 0.0380859375 0.12451171875
0 0.3649088541666667 0.633544921875 0.041666666666666664 0.12841796875
0 0.3567708333333333 0.30419921875 0.047526041666666664 0.14990234375
0 0.6189778645833334 0.4659423828125 0.040690104166666664 0.130615234375
0 0.5416666666666666 0.306640625 0.04296875 0.14404296875
0 0.7215169270833334 0.777099609375 0.037434895833333336 0.1181640625
0 0.6298828125 0.3065185546875 0.042317708333333336 0.146728515625
0 0.7169596354166666 0.3070068359375 0.0439453125 0.147216796875
0 0.361328125 0.47314453125 0.044921875 0.119140625
0 0.4962565104166667 0.3048095703125 0.0439453125 0.143310546875
0 0.576171875 0.46533203125 0.041015625 0.1298828125
0 0.40673828125 0.634033203125 0.038736979166666664 0.12841796875
0 0.5711263020833334 0.6318359375 0.0380859375 0.12646484375
0 0.4908854166666667 0.465576171875 0.041015625 0.13037109375
0 0.44775390625 0.46533203125 0.040690104166666664 0.13134765625
0 0.7024739583333334 0.4786376953125 0.039713541666666664 0.102783203125
0 0.5301106770833334 0.6317138671875 0.038736979166666664 0.127197265625
0 0.6614583333333334 0.46484375 0.040364583333333336 0.1318359375
0 0.5291341145833334 0.78076171875 0.037434895833333336 0.1142578125
0 0.68408203125 0.7781982421875 0.035481770833333336 0.115966796875
0 0.4134114583333333 0.7781982421875 0.035807291666666664 0.116943359375
0 0.4895833333333333 0.7796630859375 0.037760416666666664 0.115966796875
0 0.5681966145833334 0.77978515625 0.036783854166666664 0.11669921875
0 0.6521809895833334 0.6297607421875 0.036783854166666664 0.125244140625
0 0.4508463541666667 0.7772216796875 0.035807291666666664 0.117919921875
0 0.6456705729166666 0.7784423828125 0.0361328125 0.116943359375
0 0.6070963541666666 0.7783203125 0.035807291666666664 0.11865234375
0 0.7610677083333334 0.3067626953125 0.046223958333333336 0.143310546875
0 0.4510091145833333 0.3043212890625 0.044596354166666664 0.146728515625
0 0.5852864583333334 0.3056640625 0.043619791666666664 0.14697265625
0 0.6915690104166666 0.6297607421875 0.037434895833333336 0.124755859375
0 0.6736653645833334 0.3070068359375 0.0419921875 0.141357421875
0 0.7320963541666666 0.629150390625 0.0390625 0.12451171875
