0 0.5964656290531777 0.8994140625 0.07230869001297018 0.201171875
0 0.17266536964980544 0.3148193359375 0.08852140077821012 0.205322265625
0 0.5142671854734111 0.619140625 0.06744487678339818 0.20654296875
0 0.5197795071335928 0.8990478515625 0.07198443579766536 0.201904296875
0 0.6407263294422828 0.6170654296875 0.0654993514915694 0.211669921875
0 0.6666666666666666 0.896240234375 0.061608300907911806 0.20751953125
0 0.3761348897535668 0.8941650390625 0.06614785992217899 0.211181640625
0 0.4456874189364462 0.8944091796875 0.06841763942931259 0.211181640625
0 0.8651102464332037 0.8955078125 0.0654993514915694 0.208984375
0 0.7975032425421531 0.8966064453125 0.0651750972762646 0.206787109375
0 0.3119325551232166 0.6162109375 0.07003891050583658 0.21044921875
0 0.23946173800259404 0.620849609375 0.07295719844357977 0.19970703125
0 0.4489299610894942 0.61767578125 0.0632295719844358 0.20751953125
0 0.38197146562905315 0.616455078125 0.0654993514915694 0.2099609375
0 0.7080090791180286 0.6153564453125 0.0651750972762646 0.211181640625
0 0.7725356679636836 0.60986328125 0.064526588845655 0.22119140625
0 0.2603761348897536 0.316162109375 0.08041504539559015 0.19775390625
0 0.17039559014267186 0.6220703125 0.06712062256809338 0.19775390625
0 0.03777561608300908 0.62255859375 0.064526588845655 0.1982421875
0 0.7102788586251622 0.3193359375 0.07101167315175097 0.19482421875
0 0.6321335927367056 0.32666015625 0.06647211413748379 0.18701171875
0 0.730544747081712 0.8970947265625 0.0609597924773022 0.205810546875
0 0.10457198443579767 0.6226806640625 0.06647211413748379 0.196533203125
0 0.5684176394293126 0.328369140625 0.05966277561608301 0.18359375
0 0.5787937743190662 0.6190185546875 0.0609597924773022 0.204345703125
0 0.30787937743190663 0.8970947265625 0.0632295719844358 0.205810546875
0 0.933852140077821 0.898681640625 0.06679636835278858 0.20263671875
0 0.18125810635538261 0.8978271484375 0.06031128404669261 0.204345703125
0 0.7809662775616083 0.31982421875 0.06582360570687419 0.19140625
0 0.3779182879377432 0.34375 0.05090791180285344 0.14306640625
0 0.2438391699092088 0.89794921875 0.05901426718547341 0.2041015625
0 0.11802853437094682 0.89697265625 0.0609597924773022 0.2060546875
0 0.8411154345006485 0.6282958984375 0.06939040207522698 0.188232421875
0 0.08300907911802853 0.303466796875 0.08690012970168612 0.22900390625
0 0.32668612191958496 0.334716796875 0.04831387808041505 0.15625
0 0.5027561608300908 0.33740234375 0.06387808041504539 0.1650390625
0 0.4361219195849546 0.3287353515625 0.05901426718547341 0.177001953125
0 0.9100194552529183 0.6207275390625 0.06776913099870298 0.200439453125
