0 0.5309662775616083 0.4979248046875 0.06387808041504539 0.093017578125
0 0.16569390402075226 0.7305908203125 0.06031128404669261 0.149169921875
0 0.5888456549935149 0.4974365234375 0.06809338521400778 0.096435546875
0 0.11040856031128404 0.73388671875 0.060635538261997406 0.150390625
0 0.33057717250324253 0.7259521484375 0.053501945525291826 0.153564453125
0 0.4682230869001297 0.4993896484375 0.05966277561608301 0.092529296875
0 0.055771725032425425 0.7352294921875 0.06031128404669261 0.149658203125
0 0.3850518806744488 0.726318359375 0.05285343709468223 0.1552734375
0 0.22243839169909208 0.7244873046875 0.057068741893644616 0.147216796875
0 0.49432555123216604 0.7252197265625 0.05285343709468223 0.155517578125
0 0.9666018158236057 0.711181640625 0.0654993514915694 0.14990234375
0 0.439526588845655 0.7255859375 0.05285343709468223 0.1572265625
0 0.9150453955901426 0.7127685546875 0.0654993514915694 0.152099609375
0 0.8646238651102465 0.71240234375 0.060635538261997406 0.1533203125
0 0.27642671854734113 0.724365234375 0.052204928664072635 0.15185546875
0 0.8135538261997406 0.7152099609375 0.057068741893644616 0.151123046875
0 0.0961413748378729 0.9154052734375 0.0625810635538262 0.132568359375
0 0.251621271076524 0.908935546875 0.05512321660181582 0.13330078125
0 0.38942931258106356 0.5128173828125 0.05512321660181582 0.067626953125
0 0.14948119325551232 0.9139404296875 0.06355382619974059 0.133056640625
0 0.7007133592736705 0.889892578125 0.04928664072632944 0.134765625
0 0.601491569390402 0.8946533203125 0.048638132295719845 0.135986328125
0 0.303177691309987 0.90771484375 0.05188067444876784 0.1328125
0 0.20022697795071337 0.9117431640625 0.05869001297016861 0.132080078125
0 0.6501297016861219 0.8919677734375 0.04928664072632944 0.137451171875
0 0.5523670557717251 0.8970947265625 0.04701686121919585 0.135498046875
0 0.04085603112840467 0.916748046875 0.0648508430609598 0.1328125
0 0.5483138780804151 0.72314453125 0.051232166018158234 0.1552734375
0 0.6536964980544747 0.719970703125 0.051232166018158234 0.15185546875
0 0.45282101167315175 0.902587890625 0.04896238651102464 0.13720703125
0 0.7976653696498055 0.8857421875 0.05252918287937743 0.13134765625
0 0.7498378728923476 0.887939453125 0.04896238651102464 0.1337890625
0 0.8430609597924773 0.88427734375 0.05317769130998703 0.130859375
0 0.5022697795071336 0.9010009765625 0.04993514915693904 0.138916015625
0 0.6011673151750972 0.7220458984375 0.05188067444876784 0.153564453125
0 0.12759403372243838 0.257080078125 0.07814526588845655 0.2265625
0 0.7623216601815823 0.71728515625 0.05317769130998703 0.1494140625
0 0.8897535667963683 0.88330078125 0.05966277561608301 0.12841796875
0 0.3526264591439689 0.906005859375 0.05090791180285344 0.13330078125
0 0.4028858625162127 0.9044189453125 0.05155642023346303 0.139404296875
0 0.05852788586251621 0.250732421875 0.08592736705577173 0.2373046875
0 0.9364461738002594 0.881591796875 0.0622568093385214 0.12841796875
0 0.7086575875486382 0.7197265625 0.05415045395590143 0.14990234375
0 0.03388456549935149 0.5179443359375 0.06712062256809338 0.070068359375
0 0.7425421530479897 0.489013671875 0.08300907911802853 0.09814453125
0 0.1932555123216602 0.2572021484375 0.07457846952010376 0.224853515625
0 0.32846952010376135 0.256103515625 0.0648508430609598 0.22265625
0 0.08560311284046693 0.5185546875 0.07911802853437094 0.068359375
0 0.977302204928664 0.8778076171875 0.04539559014267185 0.130126953125
0 0.9014267185473411 0.244384765625 0.06744487678339818 0.24560546875
0 0.9633592736705577 0.250244140625 0.06614785992217899 0.23193359375
0 0.8511673151750972 0.4903564453125 0.08949416342412451 0.098876953125
0 0.2618352788586252 0.2552490234375 0.06712062256809338 0.224853515625
0 0.914396887159533 0.490966796875 0.08949416342412451 0.09228515625
0 0.9677367055771725 0.4989013671875 0.0632295719844358 0.077392578125
0 0.39218547341115434 0.25537109375 0.0625810635538262 0.2294921875
0 0.32992866407263294 0.5140380859375 0.060635538261997406 0.067626953125
0 0.8396562905317769 0.2392578125 0.06776913099870298 0.25390625
0 0.6489948119325551 0.251220703125 0.0632295719844358 0.224609375
0 0.7989623865110247 0.4893798828125 0.07392996108949416 0.099853515625
0 0.45541504539559013 0.2523193359375 0.0632295719844358 0.234619140625
0 0.5222114137483788 0.2535400390625 0.0625810635538262 0.224365234375
0 0.7125486381322957 0.2498779296875 0.061284046692607 0.228759765625
0 0.7775616083009079 0.2471923828125 0.0654993514915694 0.232666015625
0 0.585603112840467 0.25537109375 0.05901426718547341 0.220703125
0 0.26734760051880674 0.5162353515625 0.0651750972762646 0.065673828125
