0 0.4054798962386511 0.5552978515625 0.05609597924773022 0.177490234375
0 0.6922827496757458 0.5531005859375 0.05966277561608301 0.179931640625
0 0.46303501945525294 0.5556640625 0.055771725032425425 0.177734375
0 0.5209143968871596 0.555908203125 0.05674448767833982 0.17724609375
0 0.2890726329442283 0.5577392578125 0.05869001297016861 0.175048828125
0 0.5786316472114138 0.5555419921875 0.054798962386511024 0.177978515625
0 0.8182555123216602 0.5499267578125 0.064526588845655 0.169677734375
0 0.23119325551232167 0.55859375 0.061608300907911806 0.17431640625
0 0.5312905317769131 0.764892578125 0.05090791180285344 0.15283203125
0 0.47632944228274965 0.7655029296875 0.051232166018158234 0.155029296875
0 0.6350518806744487 0.5538330078125 0.05285343709468223 0.177978515625
0 0.6939040207522698 0.7657470703125 0.05252918287937743 0.150146484375
0 0.25551232166018156 0.7628173828125 0.051232166018158234 0.145751953125
0 0.3471141374837873 0.55615234375 0.05869001297016861 0.1767578125
0 0.751621271076524 0.55078125 0.06031128404669261 0.1748046875
0 0.42201686121919585 0.7659912109375 0.052204928664072635 0.154052734375
0 0.7187094682230869 0.3172607421875 0.07166018158236057 0.181884765625
0 0.6391050583657587 0.765625 0.05188067444876784 0.15087890625
0 0.8046368352788587 0.764892578125 0.052204928664072635 0.1513671875
0 0.5854409857328146 0.76513671875 0.05025940337224384 0.15283203125
0 0.19892996108949415 0.7587890625 0.05544747081712062 0.14501953125
0 0.7493514915693904 0.7642822265625 0.05317769130998703 0.152099609375
0 0.5894941634241245 0.31591796875 0.06355382619974059 0.1884765625
0 0.46238651102464334 0.31298828125 0.062905317769131 0.19189453125
0 0.6517509727626459 0.31884765625 0.06614785992217899 0.18212890625
0 0.5262645914396887 0.3138427734375 0.06355382619974059 0.188720703125
0 0.3654345006485084 0.765869140625 0.05382619974059663 0.1533203125
0 0.3098249027237354 0.7659912109375 0.05155642023346303 0.150634765625
0 0.39899481193255515 0.3128662109375 0.064526588845655 0.190185546875
0 0.4584954604409857 0.9359130859375 0.05188067444876784 0.128173828125
0 0.7824254215304799 0.3104248046875 0.061608300907911806 0.180419921875
0 0.7156290531776913 0.933837890625 0.05188067444876784 0.12939453125
0 0.17201686121919585 0.55419921875 0.06387808041504539 0.181640625
0 0.4077496757457847 0.9373779296875 0.04831387808041505 0.125244140625
0 0.20541504539559013 0.318359375 0.06647211413748379 0.19287109375
0 0.3343060959792477 0.3148193359375 0.06614785992217899 0.192138671875
0 0.5616083009079118 0.935546875 0.05252918287937743 0.12890625
0 0.6133268482490273 0.9351806640625 0.05090791180285344 0.129150390625
0 0.6629377431906615 0.9342041015625 0.04961089494163424 0.128173828125
0 0.5098897535667963 0.9356689453125 0.04961089494163424 0.128662109375
0 0.8432230869001297 0.305908203125 0.061284046692607 0.18310546875
0 0.35700389105058367 0.9365234375 0.04993514915693904 0.126953125
0 0.20006485084306097 0.9332275390625 0.055771725032425425 0.131591796875
0 0.14056420233463035 0.3182373046875 0.07295719844357977 0.187744140625
0 0.767833981841764 0.9359130859375 0.05317769130998703 0.120849609375
0 0.30479896238651105 0.935546875 0.05058365758754864 0.12548828125
0 0.2707522697795071 0.3201904296875 0.06744487678339818 0.187255859375
0 0.2537289234760052 0.93603515625 0.05090791180285344 0.125
