0 0.8926718547341116 0.2900390625 0.1556420233463035 0.40283203125
0 0.24594682230869 0.280029296875 0.13197146562905318 0.41943359375
0 0.11008430609597925 0.281005859375 0.14818417639429313 0.419921875
0 0.3762970168612192 0.291259765625 0.13261997405966278 0.419921875
0 0.7650778210116731 0.2867431640625 0.14040207522697795 0.412841796875
0 0.7412451361867705 0.765625 0.12062256809338522 0.33251953125
0 0.642023346303502 0.2894287109375 0.13748378728923477 0.408447265625
0 0.6125162127107653 0.7677001953125 0.11802853437094682 0.339599609375
0 0.5077821011673151 0.2935791015625 0.11997405966277562 0.417724609375
0 0.3853761348897536 0.767822265625 0.10343709468223086 0.33935546875
0 0.4970817120622568 0.7650146484375 0.10765239948119326 0.346435546875
0 0.1548313878080415 0.7698974609375 0.10343709468223086 0.361083984375
0 0.8696498054474708 0.7484130859375 0.11219195849546044 0.300537109375
0 0.2692931258106355 0.7703857421875 0.10343709468223086 0.349853515625
0 0.958171206225681 0.7288818359375 0.08300907911802853 0.267822265625
