0 0.6499675745784695 0.9395751953125 0.05869001297016861 0.120849609375
0 0.8213359273670557 0.92626953125 0.05771725032425422 0.1455078125
0 0.5432879377431906 0.72705078125 0.042477302204928666 0.134765625
0 0.7062256809338522 0.94140625 0.055771725032425425 0.1171875
0 0.7624837872892347 0.926025390625 0.05674448767833982 0.146484375
0 0.5518806744487679 0.93310546875 0.048638132295719845 0.1337890625
0 0.5979247730220493 0.9345703125 0.04993514915693904 0.130859375
0 0.5077821011673151 0.930419921875 0.046044098573281456 0.13916015625
0 0.8946173800259404 0.9298095703125 0.08171206225680934 0.136962890625
0 0.42136835278858625 0.9285888671875 0.042477302204928666 0.142822265625
0 0.5168612191958496 0.33544921875 0.04798962386511025 0.125
0 0.5680933852140078 0.3353271484375 0.04993514915693904 0.129150390625
0 0.6694228274967574 0.7296142578125 0.04053177691309987 0.138916015625
0 0.6261348897535668 0.7283935546875 0.04215304798962387 0.140380859375
0 0.5022697795071336 0.7257080078125 0.04085603112840467 0.139892578125
0 0.5841439688715954 0.7255859375 0.039234760051880674 0.13916015625
0 0.42153047989623865 0.1263427734375 0.05382619974059663 0.132568359375
0 0.7947470817120622 0.33349609375 0.05252918287937743 0.12353515625
0 0.959792477302205 0.329833984375 0.05058365758754864 0.13232421875
0 0.5413424124513618 0.5330810546875 0.04442282749675746 0.128662109375
0 0.40094033722438394 0.5323486328125 0.04831387808041505 0.131103515625
0 0.42039559014267186 0.72705078125 0.04312581063553826 0.13671875
0 0.4648184176394293 0.9288330078125 0.04182879377431906 0.142333984375
0 0.9701686121919585 0.9415283203125 0.05642023346303502 0.115966796875
0 0.47519455252918286 0.12841796875 0.04961089494163424 0.1298828125
0 0.49497405966277563 0.53125 0.04571984435797665 0.1337890625
0 0.7538910505836576 0.7288818359375 0.04409857328145266 0.140869140625
0 0.2929636835278859 0.9281005859375 0.04571984435797665 0.141357421875
0 0.9726005188067445 0.731201171875 0.04571984435797665 0.1416015625
0 0.23038261997405965 0.1287841796875 0.045071335927367055 0.133544921875
0 0.2138456549935149 0.5328369140625 0.04571984435797665 0.131103515625
0 0.3521400778210117 0.5323486328125 0.04928664072632944 0.129150390625
0 0.3779182879377432 0.7264404296875 0.042477302204928666 0.136962890625
0 0.6817444876783398 0.329833984375 0.05609597924773022 0.1357421875
0 0.6637483787289234 0.127197265625 0.04345006485084306 0.12548828125
0 0.9713035019455253 0.1240234375 0.04571984435797665 0.12744140625
0 0.9043450064850843 0.33056640625 0.05188067444876784 0.12548828125
0 0.7133592736705577 0.1251220703125 0.05188067444876784 0.128173828125
0 0.36802853437094685 0.1265869140625 0.048638132295719845 0.134521484375
0 0.3356031128404669 0.727783203125 0.04085603112840467 0.13525390625
0 0.4649805447470817 0.3336181640625 0.04928664072632944 0.132080078125
0 0.46190012970168615 0.7265625 0.03988326848249027 0.13671875
0 0.17039559014267186 0.5330810546875 0.04118028534370947 0.128662109375
0 0.710603112840467 0.728515625 0.04118028534370947 0.13916015625
0 0.41212710765239946 0.3331298828125 0.051232166018158234 0.133056640625
0 0.9285019455252919 0.7315673828125 0.04118028534370947 0.138916015625
0 0.20865758754863814 0.728271484375 0.045071335927367055 0.134765625
0 0.30544747081712065 0.5335693359375 0.046044098573281456 0.126220703125
0 0.29409857328145267 0.728515625 0.041504539559014265 0.1337890625
0 0.38018806744487676 0.9276123046875 0.03858625162127108 0.144775390625
0 0.8730544747081712 0.123779296875 0.04896238651102464 0.1240234375
0 0.7689688715953308 0.1241455078125 0.04896238651102464 0.127685546875
0 0.07198443579766536 0.7255859375 0.04215304798962387 0.1337890625
0 0.12872892347600517 0.5330810546875 0.042801556420233464 0.130615234375
0 0.2527561608300908 0.7274169921875 0.04118028534370947 0.136962890625
0 0.21125162127107652 0.33544921875 0.045071335927367055 0.13134765625
0 0.8211738002594033 0.1253662109375 0.04831387808041505 0.122802734375
0 0.624189364461738 0.330810546875 0.05382619974059663 0.13525390625
0 0.026264591439688716 0.3350830078125 0.048638132295719845 0.128662109375
0 0.2607003891050584 0.3316650390625 0.04928664072632944 0.136962890625
0 0.2590791180285344 0.533935546875 0.046044098573281456 0.1259765625
0 0.4487678339818418 0.5257568359375 0.04474708171206226 0.138916015625
0 0.6188391699092088 0.1285400390625 0.04377431906614786 0.124267578125
0 0.9238002594033723 0.1241455078125 0.04734111543450065 0.124755859375
0 0.03388456549935149 0.9136962890625 0.045071335927367055 0.154052734375
0 0.11592088197146563 0.7242431640625 0.04377431906614786 0.139404296875
0 0.16634241245136186 0.334228515625 0.04215304798962387 0.1318359375
0 0.8498702983138781 0.3306884765625 0.05382619974059663 0.128662109375
0 0.9738975356679637 0.5347900390625 0.047665369649805445 0.130615234375
0 0.5251297016861219 0.12841796875 0.04571984435797665 0.12841796875
0 0.026913099870298315 0.7271728515625 0.046044098573281456 0.130126953125
0 0.33900778210116733 0.9266357421875 0.03988326848249027 0.146728515625
0 0.7397859922178989 0.330322265625 0.05674448767833982 0.13330078125
0 0.36219195849546043 0.3291015625 0.04474708171206226 0.14208984375
0 0.8847276264591439 0.7296142578125 0.04312581063553826 0.140380859375
0 0.12337872892347601 0.33349609375 0.04312581063553826 0.13134765625
0 0.08576523994811933 0.5303955078125 0.04701686121919585 0.137451171875
0 0.5844682230869002 0.533935546875 0.03988326848249027 0.13037109375
0 0.18385214007782102 0.1322021484375 0.04345006485084306 0.127197265625
0 0.5723086900129701 0.128173828125 0.04474708171206226 0.1259765625
0 0.2452983138780804 0.9407958984375 0.04442282749675746 0.114501953125
0 0.8004215304798963 0.7294921875 0.04571984435797665 0.1416015625
0 0.8432230869001297 0.5330810546875 0.045071335927367055 0.129638671875
0 0.19957846952010377 0.93701171875 0.04442282749675746 0.1201171875
0 0.1567769130998703 0.929443359375 0.03858625162127108 0.1279296875
0 0.042639429312581065 0.521728515625 0.045071335927367055 0.15185546875
0 0.07765888456549935 0.9271240234375 0.04182879377431906 0.131591796875
0 0.7135214007782101 0.5303955078125 0.042477302204928666 0.130615234375
0 0.31987678339818415 0.1273193359375 0.04377431906614786 0.136474609375
0 0.07587548638132295 0.33056640625 0.04928664072632944 0.13818359375
0 0.7563229571984436 0.5316162109375 0.04312581063553826 0.131591796875
0 0.11819066147859922 0.9276123046875 0.036640726329442284 0.128173828125
0 0.10019455252918288 0.1368408203125 0.038910505836575876 0.122802734375
0 0.8428988326848249 0.7274169921875 0.037937743190661476 0.139404296875
0 0.7988002594033723 0.5338134765625 0.04571984435797665 0.130615234375
0 0.8882944228274967 0.5322265625 0.045071335927367055 0.13037109375
0 0.018968871595330738 0.1326904296875 0.037937743190661476 0.135009765625
0 0.9296368352788587 0.5341796875 0.040207522697795074 0.126953125
