0 0.17039559014267186 0.5330810546875 0.04118028534370947 0.128662109375
0 0.710603112840467 0.728515625 0.04118028534370947 0.13916015625
0 0.41212710765239946 0.3331298828125 0.051232166018158234 0.133056640625
0 0.9285019455252919 0.7315673828125 0.04118028534370947 0.138916015625
0 0.20865758754863814 0.728271484375 0.045071335927367055 0.134765625
0 0.30544747081712065 0.5335693359375 0.046044098573281456 0.126220703125
0 0.29409857328145267 0.728515625 0.041504539559014265 0.1337890625
0 0.38018806744487676 0.9276123046875 0.03858625162127108 0.144775390625
0 0.8730544747081712 0.123779296875 0.04896238651102464 0.1240234375
0 0.7689688715953308 0.1241455078125 0.04896238651102464 0.127685546875
0 0.07198443579766536 0.7255859375 0.04215304798962387 0.1337890625
0 0.12872892347600517 0.5330810546875 0.042801556420233464 0.130615234375
0 0.2527561608300908 0.7274169921875 0.04118028534370947 0.136962890625
0 0.21125162127107652 0.33544921875 0.045071335927367055 0.13134765625
0 0.8211738002594033 0.1253662109375 0.04831387808041505 0.122802734375
0 0.624189364461738 0.330810546875 0.05382619974059663 0.13525390625
0 0.026264591439688716 0.3350830078125 0.048638132295719845 0.128662109375
0 0.2607003891050584 0.3316650390625 0.04928664072632944 0.136962890625
0 0.2590791180285344 0.533935546875 0.046044098573281456 0.1259765625
0 0.4487678339818418 0.5257568359375 0.04474708171206226 0.138916015625
0 0.6188391699092088 0.1285400390625 0.04377431906614786 0.124267578125
0 0.9238002594033723 0.1241455078125 0.04734111543450065 0.124755859375
0 0.03388456549935149 0.9136962890625 0.045071335927367055 0.154052734375
0 0.11592088197146563 0.7242431640625 0.04377431906614786 0.139404296875
0 0.16634241245136186 0.334228515625 0.04215304798962387 0.1318359375
0 0.8498702983138781 0.3306884765625 0.05382619974059663 0.128662109375
0 0.9738975356679637 0.5347900390625 0.047665369649805445 0.130615234375
0 0.5251297016861219 0.12841796875 0.04571984435797665 0.12841796875
0 0.026913099870298315 0.7271728515625 0.046044098573281456 0.130126953125
0 0.33900778210116733 0.9266357421875 0.03988326848249027 0.146728515625
0 0.7397859922178989 0.330322265625 0.05674448767833982 0.13330078125
0 0.36219195849546043 0.3291015625 0.04474708171206226 0.14208984375
0 0.8847276264591439 0.7296142578125 0.04312581063553826 0.140380859375
0 0.12337872892347601 0.33349609375 0.04312581063553826 0.13134765625
0 0.08576523994811933 0.5303955078125 0.04701686121919585 0.137451171875
0 0.059500648508430606 0.136962890625 0.04182879377431906 0.12255859375
0 0.5844682230869002 0.533935546875 0.03988326848249027 0.13037109375
0 0.18385214007782102 0.1322021484375 0.04345006485084306 0.127197265625
0 0.3135538261997406 0.33251953125 0.04734111543450065 0.1376953125
0 0.8004215304798963 0.7294921875 0.04571984435797665 0.1416015625
0 0.8432230869001297 0.5330810546875 0.045071335927367055 0.129638671875
0 0.19957846952010377 0.93701171875 0.04442282749675746 0.1201171875
0 0.1567769130998703 0.929443359375 0.03858625162127108 0.1279296875
0 0.07765888456549935 0.9271240234375 0.04182879377431906 0.131591796875
0 0.6703955901426718 0.5313720703125 0.04312581063553826 0.132568359375
0 0.7135214007782101 0.5303955078125 0.042477302204928666 0.130615234375
0 0.07587548638132295 0.33056640625 0.04928664072632944 0.13818359375
0 0.7563229571984436 0.5316162109375 0.04312581063553826 0.131591796875
0 0.11819066147859922 0.9276123046875 0.036640726329442284 0.128173828125
0 0.625810635538262 0.5321044921875 0.042801556420233464 0.134521484375
0 0.10019455252918288 0.1368408203125 0.038910505836575876 0.122802734375
0 0.8428988326848249 0.7274169921875 0.037937743190661476 0.139404296875
0 0.7988002594033723 0.5338134765625 0.04571984435797665 0.130615234375
0 0.1621271076523995 0.7237548828125 0.046044098573281456 0.142822265625
0 0.8882944228274967 0.5322265625 0.045071335927367055 0.13037109375
0 0.018968871595330738 0.1326904296875 0.037937743190661476 0.135009765625
0 0.9296368352788587 0.5341796875 0.040207522697795074 0.126953125
0 0.14007782101167315 0.1339111328125 0.03955901426718547 0.125244140625
