0 0.42331387808041504 0.828125 0.04312581063553826 0.11376953125
0 0.3646238651102464 0.4698486328125 0.04182879377431906 0.109130859375
0 0.3715953307392996 0.835205078125 0.040207522697795074 0.1044921875
0 0.7251945525291829 0.8232421875 0.03728923476005188 0.10498046875
0 0.3240920881971466 0.4700927734375 0.039234760051880674 0.110595703125
0 0.44293125810635536 0.4686279296875 0.040207522697795074 0.110595703125
0 0.4664396887159533 0.8319091796875 0.03988326848249027 0.108154296875
0 0.28550583657587547 0.46923828125 0.03988326848249027 0.11279296875
0 0.19990272373540857 0.6588134765625 0.04118028534370947 0.109130859375
0 0.5059987029831388 0.8289794921875 0.03858625162127108 0.111083984375
0 0.7626459143968871 0.8218994140625 0.035667963683527884 0.103759765625
0 0.26459143968871596 0.26611328125 0.03826199740596628 0.119140625
0 0.10084306095979248 0.266357421875 0.03826199740596628 0.12109375
0 0.4040207522697795 0.4642333984375 0.03761348897535668 0.118896484375
0 0.24140726329442283 0.658935546875 0.03858625162127108 0.1064453125
0 0.687905317769131 0.81982421875 0.03404669260700389 0.11181640625
0 0.3333333333333333 0.837158203125 0.033073929961089495 0.10205078125
0 0.48167963683527887 0.46875 0.037937743190661476 0.1103515625
0 0.6107328145265889 0.2625732421875 0.045071335927367055 0.117431640625
0 0.8934824902723736 0.8194580078125 0.03339818417639429 0.097900390625
0 0.52026588845655 0.468505859375 0.036640726329442284 0.1103515625
0 0.2230869001297017 0.2674560546875 0.040207522697795074 0.115478515625
0 0.2454604409857328 0.47119140625 0.040207522697795074 0.11083984375
0 0.31922827496757455 0.6572265625 0.03728923476005188 0.11181640625
0 0.2806420233463035 0.658447265625 0.039234760051880674 0.109375
0 0.7692931258106356 0.4639892578125 0.03858625162127108 0.105224609375
0 0.5570687418936446 0.4678955078125 0.03631647211413749 0.111572265625
0 0.43304150453955903 0.6551513671875 0.037937743190661476 0.113037109375
0 0.14105058365758755 0.2666015625 0.04085603112840467 0.1201171875
0 0.30560959792477305 0.2662353515625 0.04053177691309987 0.117431640625
0 0.5368028534370947 0.6505126953125 0.03469520103761349 0.112548828125
0 0.38894293125810636 0.260986328125 0.04053177691309987 0.12841796875
0 0.3952658884565499 0.6544189453125 0.03761348897535668 0.115478515625
0 0.4691958495460441 0.65380859375 0.03437094682230869 0.11279296875
0 0.0625810635538262 0.2691650390625 0.03696498054474708 0.113037109375
0 0.7078469520103762 0.649658203125 0.03501945525291829 0.1064453125
0 0.7816147859922179 0.2608642578125 0.03599221789883268 0.115478515625
0 0.1269455252918288 0.8372802734375 0.03404669260700389 0.116455078125
0 0.35667963683527887 0.6558837890625 0.03761348897535668 0.113037109375
0 0.8297665369649806 0.81982421875 0.0311284046692607 0.10205078125
0 0.8180933852140078 0.2615966796875 0.03501945525291829 0.112548828125
0 0.7759403372243839 0.6466064453125 0.03437094682230869 0.106201171875
0 0.8438715953307393 0.6458740234375 0.032101167315175094 0.105224609375
0 0.1611543450064851 0.84130859375 0.03501945525291829 0.1044921875
0 0.20573929961089493 0.47021484375 0.03728923476005188 0.11474609375
0 0.6718547341115434 0.6484375 0.033073929961089495 0.109375
0 0.29944876783398183 0.8387451171875 0.0327496757457847 0.101806640625
0 0.5027561608300908 0.65087890625 0.03339818417639429 0.1162109375
0 0.6379701686121919 0.6510009765625 0.03339818417639429 0.106689453125
0 0.11397535667963683 0.6632080078125 0.03988326848249027 0.111572265625
0 0.4340142671854734 0.2640380859375 0.04377431906614786 0.121826171875
0 0.5933852140077821 0.4674072265625 0.03631647211413749 0.111083984375
0 0.8106355382619974 0.645751953125 0.033073929961089495 0.10546875
0 0.74189364461738 0.6478271484375 0.031776913099870296 0.106201171875
0 0.19682230869001296 0.84130859375 0.03372243839169909 0.099609375
0 0.1564526588845655 0.6617431640625 0.042477302204928666 0.110595703125
0 0.5698767833981842 0.6517333984375 0.0327496757457847 0.109619140625
0 0.8615434500648509 0.8187255859375 0.0324254215304799 0.100830078125
0 0.23070687418936447 0.8409423828125 0.032101167315175094 0.099853515625
0 0.5269130998702983 0.264404296875 0.038910505836575876 0.11962890625
0 0.3466277561608301 0.2672119140625 0.03826199740596628 0.115478515625
0 0.9267185473411155 0.818115234375 0.03437094682230869 0.09716796875
0 0.1823929961089494 0.266845703125 0.037937743190661476 0.11767578125
0 0.7005512321660181 0.263671875 0.03988326848249027 0.11474609375
0 0.7320038910505836 0.4649658203125 0.036640726329442284 0.107177734375
0 0.74189364461738 0.263671875 0.03955901426718547 0.10986328125
0 0.7975032425421531 0.820556640625 0.0327496757457847 0.10400390625
0 0.26556420233463035 0.8394775390625 0.03372243839169909 0.102783203125
0 0.8091763942931258 0.46337890625 0.037937743190661476 0.10400390625
0 0.567769130998703 0.264404296875 0.038910505836575876 0.11767578125
0 0.48200389105058367 0.2666015625 0.04377431906614786 0.11669921875
0 0.6561284046692607 0.261962890625 0.042477302204928666 0.119140625
0 0.16845006485084307 0.4713134765625 0.03728923476005188 0.112548828125
0 0.6037613488975356 0.651611328125 0.03437094682230869 0.10986328125
0 0.1295395590142672 0.472900390625 0.03858625162127108 0.109375
0 0.8535992217898832 0.2572021484375 0.03404669260700389 0.120849609375
0 0.8764591439688716 0.645263671875 0.031776913099870296 0.10498046875
0 0.8448443579766537 0.4620361328125 0.035343709468223086 0.107177734375
0 0.6293774319066148 0.4664306640625 0.035667963683527884 0.111083984375
0 0.6532101167315175 0.823486328125 0.03404669260700389 0.111328125
0 0.8800259403372244 0.4615478515625 0.03696498054474708 0.105712890625
0 0.08965629053177691 0.475341796875 0.03599221789883268 0.107421875
0 0.8902399481193255 0.254638671875 0.03404669260700389 0.12255859375
0 0.07149805447470817 0.6656494140625 0.036640726329442284 0.113037109375
0 0.9609273670557718 0.81640625 0.03404669260700389 0.09716796875
0 0.053501945525291826 0.4847412109375 0.03501945525291829 0.091064453125
0 0.6974708171206225 0.4639892578125 0.03372243839169909 0.107666015625
0 0.09241245136186771 0.83740234375 0.03437094682230869 0.11669921875
0 0.6645590142671854 0.4656982421875 0.035343709468223086 0.109130859375
0 0.02756160830090791 0.2813720703125 0.0324254215304799 0.091064453125
0 0.9108300907911803 0.651123046875 0.03437094682230869 0.09326171875
0 0.9833009079118028 0.6431884765625 0.032101167315175094 0.105224609375
0 0.9476329442282749 0.65185546875 0.03599221789883268 0.08935546875
0 0.9568741893644618 0.46240234375 0.03826199740596628 0.0986328125
0 0.9181258106355382 0.4649658203125 0.036640726329442284 0.094482421875
