0 0.0314526588845655 0.160888671875 0.04798962386511025 0.12744140625
0 0.20428015564202334 0.1729736328125 0.041504539559014265 0.122802734375
0 0.24156939040207523 0.1746826171875 0.040207522697795074 0.123291015625
0 0.9048313878080415 0.639404296875 0.02756160830090791 0.08642578125
0 0.2803177691309987 0.177734375 0.03988326848249027 0.11962890625
0 0.8808365758754864 0.6439208984375 0.026264591439688716 0.087158203125
0 0.34987029831387806 0.1807861328125 0.03631647211413749 0.114990234375
0 0.05025940337224384 0.3175048828125 0.04798962386511025 0.120849609375
0 0.8583009079118028 0.647705078125 0.02594033722438392 0.08544921875
0 0.3428988326848249 0.325927734375 0.035343709468223086 0.11181640625
0 0.36932555123216604 0.7054443359375 0.033073929961089495 0.104736328125
0 0.8338197146562906 0.64697265625 0.02756160830090791 0.08740234375
0 0.14769779507133593 0.321533203125 0.04312581063553826 0.11376953125
0 0.10068093385214008 0.31982421875 0.047665369649805445 0.11669921875
0 0.20444228274967574 0.59619140625 0.04182879377431906 0.10400390625
0 0.02512970168612192 0.4664306640625 0.04636835278858625 0.118896484375
0 0.23297665369649806 0.32470703125 0.037937743190661476 0.11669921875
0 0.3784046692607004 0.3262939453125 0.03501945525291829 0.108642578125
0 0.03615434500648509 0.611083984375 0.04312581063553826 0.11572265625
0 0.38148508430609596 0.5826416015625 0.032101167315175094 0.100830078125
0 0.1921206225680934 0.3238525390625 0.04312581063553826 0.113525390625
0 0.2438391699092088 0.5936279296875 0.03826199740596628 0.102783203125
0 0.33625162127107655 0.7078857421875 0.0324254215304799 0.102783203125
0 0.3852140077821012 0.182373046875 0.03501945525291829 0.11328125
0 0.7652399481193255 0.6541748046875 0.026588845654993514 0.089111328125
0 0.7890726329442282 0.6517333984375 0.025616083009079117 0.087158203125
0 0.26750972762645914 0.461669921875 0.03437094682230869 0.107421875
0 0.7412451361867705 0.6571044921875 0.02529182879377432 0.086669921875
0 0.3159857328145266 0.1798095703125 0.03404669260700389 0.117431640625
0 0.5071335927367056 0.3277587890625 0.03372243839169909 0.104736328125
0 0.30690661478599224 0.325927734375 0.03599221789883268 0.11376953125
0 0.2701037613488975 0.3260498046875 0.035667963683527884 0.115478515625
0 0.4905966277561608 0.6861572265625 0.031776913099870296 0.100830078125
0 0.43223086900129704 0.697509765625 0.029182879377431907 0.0986328125
0 0.4602788586251621 0.692626953125 0.030155642023346304 0.10107421875
0 0.9285019455252919 0.636962890625 0.025616083009079117 0.0830078125
0 0.49189364461738 0.4539794921875 0.0324254215304799 0.099853515625
0 0.2793450064850843 0.590576171875 0.035343709468223086 0.10302734375
0 0.9464980544747081 0.221923828125 0.02529182879377432 0.09033203125
0 0.3474383916990921 0.5877685546875 0.0327496757457847 0.100830078125
0 0.07830739299610895 0.6060791015625 0.04182879377431906 0.115478515625
0 0.4456874189364462 0.3260498046875 0.032101167315175094 0.107177734375
0 0.41309987029831385 0.326171875 0.03372243839169909 0.10693359375
0 0.4456874189364462 0.5765380859375 0.0314526588845655 0.098388671875
0 0.8970492866407264 0.2193603515625 0.02756160830090791 0.089599609375
0 0.4293125810635538 0.455810546875 0.029831387808041506 0.10009765625
0 0.5051880674448768 0.5748291015625 0.027885862516212712 0.090087890625
0 0.7178988326848249 0.6634521484375 0.02594033722438392 0.086181640625
0 0.3142023346303502 0.5892333984375 0.03372243839169909 0.101318359375
0 0.36932555123216604 0.4586181640625 0.031776913099870296 0.105224609375
0 0.40207522697795073 0.7015380859375 0.031776913099870296 0.104736328125
0 0.5329118028534371 0.571533203125 0.02756160830090791 0.09130859375
0 0.42250324254215305 0.187255859375 0.03761348897535668 0.1083984375
0 0.9678988326848249 0.22216796875 0.02464332036316472 0.09033203125
0 0.881485084306096 0.5443115234375 0.024319066147859923 0.087158203125
0 0.8101491569390402 0.6490478515625 0.024319066147859923 0.086669921875
0 0.23054474708171208 0.4639892578125 0.03826199740596628 0.109130859375
0 0.5591763942931258 0.5743408203125 0.023670557717250323 0.081298828125
0 0.9223411154345007 0.22021484375 0.029507133592736705 0.09130859375
0 0.3351167315175097 0.4599609375 0.03469520103761349 0.10498046875
0 0.6697470817120622 0.6693115234375 0.026264591439688716 0.090576171875
0 0.12905317769131 0.4915771484375 0.04085603112840467 0.063232421875
0 0.5974383916990921 0.3321533203125 0.02885862516212711 0.095458984375
0 0.11738002594033722 0.5958251953125 0.03437094682230869 0.101318359375
0 0.6940661478599222 0.66650390625 0.02496757457846952 0.08837890625
0 0.8268482490272373 0.2159423828125 0.029831387808041506 0.093017578125
0 0.17801556420233464 0.4892578125 0.04215304798962387 0.0625
0 0.5191309987029832 0.6795654296875 0.031776913099870296 0.104248046875
0 0.9263942931258107 0.53857421875 0.026588845654993514 0.08447265625
0 0.41391050583657585 0.5794677734375 0.030804150453955903 0.097900390625
0 0.6157587548638133 0.6724853515625 0.029182879377431907 0.096435546875
0 0.8602464332036317 0.54541015625 0.023994811932555125 0.083984375
0 0.4769779507133593 0.574951171875 0.029831387808041506 0.09326171875
0 0.8396562905317769 0.54736328125 0.024319066147859923 0.083984375
0 0.5248054474708171 0.453857421875 0.0327496757457847 0.09619140625
0 0.8179312581063554 0.5479736328125 0.023022049286640728 0.083740234375
0 0.20201037613488976 0.740234375 0.03955901426718547 0.08740234375
0 0.7955577172503242 0.5496826171875 0.025616083009079117 0.084228515625
0 0.4586575875486381 0.44970703125 0.032101167315175094 0.10693359375
0 0.5573929961089494 0.451171875 0.0304798962386511 0.09765625
0 0.4776264591439689 0.326171875 0.029831387808041506 0.1044921875
0 0.568579766536965 0.3304443359375 0.02821011673151751 0.099365234375
0 0.6438067444876784 0.67138671875 0.026913099870298315 0.09326171875
0 0.3009079118028534 0.4600830078125 0.0324254215304799 0.106201171875
0 0.8077172503242542 0.332763671875 0.02529182879377432 0.08935546875
0 0.9521725032425421 0.5362548828125 0.02756160830090791 0.084716796875
0 0.9028858625162127 0.5421142578125 0.02496757457846952 0.087158203125
0 0.07976653696498054 0.4908447265625 0.04928664072632944 0.067138671875
0 0.851491569390402 0.2154541015625 0.027237354085603113 0.094970703125
0 0.9776264591439688 0.3316650390625 0.028534370946822308 0.085693359375
0 0.5551232166018158 0.6712646484375 0.031776913099870296 0.092041015625
0 0.7553501945525292 0.3323974609375 0.025616083009079117 0.091552734375
0 0.4969195849546044 0.19384765625 0.0327496757457847 0.10986328125
0 0.7462710765239948 0.2086181640625 0.02756160830090791 0.099853515625
0 0.8328469520103762 0.3333740234375 0.023670557717250323 0.088134765625
0 0.46190012970168615 0.190673828125 0.035343709468223086 0.10791015625
0 0.8809987029831388 0.3328857421875 0.02529182879377432 0.086669921875
0 0.7454604409857328 0.4459228515625 0.02529182879377432 0.087158203125
0 0.932230869001297 0.437744140625 0.027237354085603113 0.08740234375
0 0.40012970168612194 0.457275390625 0.031776913099870296 0.10107421875
0 0.7191958495460441 0.2059326171875 0.029182879377431907 0.102294921875
0 0.586413748378729 0.673095703125 0.0314526588845655 0.09765625
0 0.6804474708171206 0.3294677734375 0.02756160830090791 0.096923828125
0 0.5390726329442282 0.328857421875 0.032101167315175094 0.1025390625
0 0.855544747081712 0.3333740234375 0.023022049286640728 0.087646484375
0 0.7821011673151751 0.3323974609375 0.02594033722438392 0.091064453125
0 0.6269455252918288 0.3304443359375 0.02821011673151751 0.099365234375
0 0.9607652399481194 0.4354248046875 0.0311284046692607 0.084716796875
0 0.6535343709468223 0.3292236328125 0.026264591439688716 0.095458984375
0 0.9484435797665369 0.332275390625 0.027237354085603113 0.0849609375
0 0.7722114137483788 0.2110595703125 0.02821011673151751 0.098876953125
0 0.8221465629053177 0.4443359375 0.024319066147859923 0.08447265625
0 0.7981517509727627 0.21337890625 0.030155642023346304 0.09423828125
0 0.7725356679636836 0.4444580078125 0.025616083009079117 0.087158203125
0 0.8732166018158236 0.216796875 0.026588845654993514 0.09228515625
0 0.7206549935149157 0.4466552734375 0.024319066147859923 0.088134765625
0 0.5821984435797666 0.5732421875 0.023022049286640728 0.0791015625
0 0.6086251621271076 0.19921875 0.029831387808041506 0.10546875
0 0.2821011673151751 0.72412109375 0.040207522697795074 0.09912109375
0 0.8458171206225681 0.4444580078125 0.023022049286640728 0.083740234375
0 0.7975032425421531 0.4437255859375 0.024319066147859923 0.086669921875
0 0.5299935149156939 0.1966552734375 0.03339818417639429 0.109619140625
0 0.8681906614785992 0.444091796875 0.023022049286640728 0.0830078125
0 0.9888132295719845 0.222412109375 0.02172503242542153 0.08447265625
0 0.5789559014267186 0.2003173828125 0.030804150453955903 0.101806640625
0 0.6658560311284046 0.202880859375 0.02821011673151751 0.103515625
0 0.8899156939040207 0.4427490234375 0.023670557717250323 0.083740234375
0 0.7307068741893644 0.331787109375 0.024319066147859923 0.09375
0 0.9229896238651103 0.3323974609375 0.023022049286640728 0.084228515625
0 0.6926070038910506 0.2041015625 0.029182879377431907 0.10205078125
0 0.7692931258106356 0.550537109375 0.02496757457846952 0.08642578125
0 0.6423476005188068 0.44677734375 0.027237354085603113 0.0966796875
0 0.7071984435797666 0.3306884765625 0.02464332036316472 0.095458984375
0 0.9688715953307393 0.630615234375 0.02594033722438392 0.08154296875
0 0.6152723735408561 0.447021484375 0.02756160830090791 0.099609375
0 0.6694228274967574 0.446044921875 0.026913099870298315 0.09521484375
0 0.7464332036316472 0.5538330078125 0.023346303501945526 0.087158203125
0 0.6232166018158236 0.56982421875 0.021400778210116732 0.076171875
0 0.6763942931258107 0.5557861328125 0.02594033722438392 0.092529296875
0 0.9045071335927367 0.332275390625 0.023022049286640728 0.08544921875
0 0.648508430609598 0.55908203125 0.027237354085603113 0.091796875
0 0.24173151750972763 0.73486328125 0.039234760051880674 0.08837890625
0 0.7237354085603113 0.5552978515625 0.023994811932555125 0.087158203125
0 0.695201037613489 0.4454345703125 0.02464332036316472 0.092529296875
0 0.6042477302204928 0.5718994140625 0.021076523994811934 0.077392578125
0 0.9079118028534371 0.44189453125 0.02464332036316472 0.08251953125
