0 0.17688067444876784 0.9039306640625 0.039234760051880674 0.109130859375
0 0.05333981841763943 0.904541015625 0.036640726329442284 0.109375
0 0.2201686121919585 0.9033203125 0.041504539559014265 0.1103515625
0 0.13391699092088197 0.9046630859375 0.04085603112840467 0.108154296875
0 0.42071984435797666 0.9078369140625 0.0314526588845655 0.104248046875
0 0.017023346303501944 0.9044189453125 0.03339818417639429 0.110107421875
0 0.38797016861219197 0.906982421875 0.03339818417639429 0.10595703125
0 0.26410505836575876 0.9034423828125 0.04053177691309987 0.109130859375
0 0.09241245136186771 0.9051513671875 0.03826199740596628 0.110107421875
0 0.34987029831387806 0.9031982421875 0.03826199740596628 0.110107421875
0 0.6958495460440985 0.77978515625 0.03437094682230869 0.09423828125
0 0.7341115434500648 0.9075927734375 0.029831387808041506 0.100830078125
0 0.8558690012970168 0.9027099609375 0.030155642023346304 0.100830078125
0 0.77026588845655 0.4375 0.030155642023346304 0.08447265625
0 0.45249675745784695 0.9085693359375 0.030155642023346304 0.103271484375
0 0.25697146562905315 0.666259765625 0.02821011673151751 0.09375
0 0.6099221789883269 0.90673828125 0.0311284046692607 0.10986328125
0 0.9182879377431906 0.8974609375 0.029831387808041506 0.10791015625
0 0.5332360570687419 0.4371337890625 0.030155642023346304 0.095458984375
0 0.5157263294422828 0.9075927734375 0.030155642023346304 0.105712890625
0 0.8012321660181583 0.437255859375 0.0311284046692607 0.0849609375
0 0.5470168612191959 0.9053955078125 0.029182879377431907 0.112060546875
0 0.4790856031128405 0.44189453125 0.0314526588845655 0.0849609375
0 0.731355382619974 0.7794189453125 0.03339818417639429 0.094482421875
0 0.8317120622568094 0.4366455078125 0.027237354085603113 0.086181640625
0 0.4700064850843061 0.6650390625 0.029507133592736705 0.09814453125
0 0.683041504539559 0.6644287109375 0.02885862516212711 0.096923828125
0 0.5314526588845655 0.6646728515625 0.029831387808041506 0.096435546875
0 0.48394941634241245 0.906494140625 0.030155642023346304 0.10986328125
0 0.4481193255512322 0.44287109375 0.027237354085603113 0.083984375
0 0.17088197146562906 0.78564453125 0.0311284046692607 0.09716796875
0 0.6598573281452659 0.7802734375 0.03372243839169909 0.09619140625
0 0.7044422827496758 0.908203125 0.030155642023346304 0.10205078125
0 0.4087224383916991 0.664306640625 0.02885862516212711 0.09814453125
0 0.8942931258106356 0.66162109375 0.029182879377431907 0.0947265625
0 0.31695849546044097 0.66552734375 0.02885862516212711 0.09521484375
0 0.7709143968871596 0.6632080078125 0.029507133592736705 0.093994140625
0 0.16893644617380027 0.66748046875 0.029182879377431907 0.09619140625
0 0.9563878080415046 0.6611328125 0.030804150453955903 0.095703125
0 0.9803826199740596 0.9014892578125 0.030155642023346304 0.096923828125
0 0.22827496757457846 0.66650390625 0.026588845654993514 0.09423828125
0 0.6736381322957199 0.9100341796875 0.030804150453955903 0.103759765625
0 0.30642023346303504 0.902099609375 0.03955901426718547 0.107421875
0 0.3784046692607004 0.665283203125 0.028534370946822308 0.09619140625
0 0.3469520103761349 0.665283203125 0.028534370946822308 0.09423828125
0 0.621757457846952 0.6632080078125 0.029507133592736705 0.097412109375
0 0.20687418936446172 0.783935546875 0.0304798962386511 0.09765625
0 0.5922503242542153 0.661376953125 0.02885862516212711 0.10205078125
0 0.9849221789883269 0.4371337890625 0.02821011673151751 0.082763671875
0 0.10424773022049287 0.55322265625 0.029507133592736705 0.09619140625
0 0.08009079118028535 0.7869873046875 0.027885862516212712 0.094482421875
0 0.6783398184176395 0.43798828125 0.027885862516212712 0.08740234375
0 0.04458495460440986 0.5538330078125 0.02821011673151751 0.095458984375
0 0.10927367055771725 0.7864990234375 0.028534370946822308 0.095947265625
0 0.8033398184176395 0.664306640625 0.030155642023346304 0.08935546875
0 0.7420557717250325 0.663330078125 0.030155642023346304 0.09619140625
0 0.8925097276264592 0.4366455078125 0.02756160830090791 0.087158203125
0 0.4398508430609598 0.663818359375 0.02885862516212711 0.09814453125
0 0.8644617380025941 0.6614990234375 0.029831387808041506 0.092529296875
0 0.3435473411154345 0.5533447265625 0.02885862516212711 0.088134765625
0 0.8574902723735408 0.7777099609375 0.02885862516212711 0.095458984375
0 0.01523994811932555 0.5545654296875 0.027237354085603113 0.094970703125
0 0.9513618677042801 0.435791015625 0.033073929961089495 0.08642578125
0 0.09727626459143969 0.445068359375 0.027885862516212712 0.0869140625
0 0.45363164721141375 0.780029296875 0.027885862516212712 0.09716796875
0 0.9203955901426718 0.436279296875 0.025616083009079117 0.08740234375
0 0.6523994811932555 0.664306640625 0.0311284046692607 0.0966796875
0 0.6418612191958496 0.90625 0.02885862516212711 0.11083984375
0 0.39137483787289234 0.443115234375 0.027237354085603113 0.0859375
0 0.7657263294422828 0.9033203125 0.030804150453955903 0.10595703125
0 0.26880674448767833 0.7821044921875 0.029182879377431907 0.097900390625
0 0.41974708171206226 0.4432373046875 0.026264591439688716 0.084228515625
0 0.621757457846952 0.4404296875 0.026913099870298315 0.08740234375
0 0.9189364461738002 0.7760009765625 0.029831387808041506 0.095458984375
0 0.8615434500648509 0.4366455078125 0.029831387808041506 0.086669921875
0 0.052204928664072635 0.78662109375 0.027885862516212712 0.095703125
0 0.5930609597924773 0.4405517578125 0.027237354085603113 0.088623046875
0 0.9495784695201037 0.899169921875 0.030804150453955903 0.10205078125
0 0.5781452658884566 0.904541015625 0.029182879377431907 0.11279296875
0 0.9022373540856031 0.549560546875 0.029507133592736705 0.08642578125
0 0.039234760051880674 0.447265625 0.02594033722438392 0.08447265625
0 0.933041504539559 0.549560546875 0.02756160830090791 0.08740234375
0 0.19503891050583658 0.5543212890625 0.02885862516212711 0.093017578125
0 0.8343060959792478 0.66455078125 0.029831387808041506 0.08740234375
0 0.16488326848249027 0.5548095703125 0.02821011673151751 0.092529296875
0 0.13991569390402075 0.6671142578125 0.02821011673151751 0.096435546875
0 0.8101491569390402 0.548828125 0.025616083009079117 0.0859375
0 0.3321984435797665 0.7816162109375 0.030155642023346304 0.098876953125
0 0.5633916990920882 0.4412841796875 0.02756160830090791 0.088134765625
0 0.5954928664072633 0.781982421875 0.02885862516212711 0.09765625
0 0.13959143968871596 0.7860107421875 0.02885862516212711 0.097412109375
0 0.06728274967574578 0.4461669921875 0.026913099870298315 0.085693359375
0 0.7530804150453956 0.5482177734375 0.02756160830090791 0.088623046875
0 0.6264591439688716 0.781005859375 0.029831387808041506 0.09912109375
0 0.3641374837872892 0.781982421875 0.028534370946822308 0.09716796875
0 0.3135538261997406 0.5537109375 0.029182879377431907 0.08984375
0 0.39332036316472113 0.7799072265625 0.027885862516212712 0.097412109375
0 0.42282749675745784 0.7801513671875 0.028534370946822308 0.098388671875
0 0.13521400778210116 0.55419921875 0.028534370946822308 0.09375
0 0.8398184176394293 0.54931640625 0.028534370946822308 0.0859375
0 0.691147859922179 0.5479736328125 0.030155642023346304 0.093017578125
0 0.9854085603112841 0.6611328125 0.027237354085603113 0.09521484375
0 0.5094033722438391 0.7816162109375 0.027885862516212712 0.096923828125
0 0.23865110246433205 0.7838134765625 0.028534370946822308 0.096923828125
0 0.3631647211413748 0.4429931640625 0.027237354085603113 0.087158203125
0 0.7392996108949417 0.4393310546875 0.0304798962386511 0.081298828125
0 0.08317120622568093 0.667724609375 0.026264591439688716 0.09521484375
0 0.7084954604409858 0.4393310546875 0.029182879377431907 0.084228515625
0 0.7232490272373541 0.5484619140625 0.02885862516212711 0.093017578125
0 0.05625810635538262 0.6673583984375 0.026264591439688716 0.095458984375
0 0.11024643320363164 0.66748046875 0.027237354085603113 0.095703125
0 0.6579118028534371 0.5511474609375 0.029182879377431907 0.087646484375
0 0.02237354085603113 0.7867431640625 0.027885862516212712 0.096435546875
0 0.02885862516212711 0.666748046875 0.027885862516212712 0.095703125
0 0.6504539559014267 0.438720703125 0.02594033722438392 0.08837890625
0 0.9628728923476005 0.5487060546875 0.02821011673151751 0.086669921875
0 0.500810635538262 0.6654052734375 0.02821011673151751 0.095947265625
0 0.3333333333333333 0.4429931640625 0.028534370946822308 0.086669921875
0 0.5392347600518806 0.7822265625 0.027885862516212712 0.09814453125
0 0.48167963683527887 0.780517578125 0.025616083009079117 0.09716796875
0 0.7824254215304799 0.548828125 0.027237354085603113 0.087890625
0 0.4066147859922179 0.55224609375 0.029831387808041506 0.0869140625
0 0.3038261997405966 0.4442138671875 0.027237354085603113 0.085205078125
0 0.4698443579766537 0.552734375 0.0311284046692607 0.08642578125
0 0.5967898832684825 0.5526123046875 0.029507133592736705 0.085693359375
0 0.5337224383916991 0.5526123046875 0.0311284046692607 0.086181640625
0 0.87094682230869 0.5494384765625 0.028534370946822308 0.086669921875
0 0.8874837872892347 0.8992919921875 0.0304798962386511 0.106201171875
0 0.6271076523994812 0.55126953125 0.028534370946822308 0.0859375
0 0.244325551232166 0.443359375 0.02821011673151751 0.08154296875
0 0.8244163424124513 0.89990234375 0.030804150453955903 0.10546875
0 0.2827496757457847 0.554443359375 0.02464332036316472 0.09033203125
0 0.9776264591439688 0.775390625 0.028534370946822308 0.0947265625
0 0.12726977950713358 0.445068359375 0.026264591439688716 0.08642578125
0 0.5624189364461738 0.6614990234375 0.029507133592736705 0.101806640625
0 0.9481193255512321 0.775634765625 0.028534370946822308 0.09619140625
0 0.5654993514915694 0.552734375 0.029831387808041506 0.083984375
0 0.9249351491569391 0.66162109375 0.0314526588845655 0.0947265625
0 0.4382295719844358 0.552490234375 0.030155642023346304 0.0859375
0 0.3004215304798962 0.780517578125 0.030804150453955903 0.099609375
0 0.7115758754863813 0.6640625 0.029507133592736705 0.09619140625
0 0.7945849546044098 0.8992919921875 0.02885862516212711 0.108642578125
0 0.28793774319066145 0.6658935546875 0.027885862516212712 0.093505859375
0 0.566958495460441 0.7818603515625 0.026264591439688716 0.095947265625
0 0.011511024643320364 0.4473876953125 0.023022049286640728 0.085693359375
0 0.374189364461738 0.5526123046875 0.0311284046692607 0.088134765625
0 0.19892996108949415 0.6669921875 0.02885862516212711 0.0947265625
0 0.2535667963683528 0.5545654296875 0.02529182879377432 0.091064453125
0 0.8881322957198443 0.777587890625 0.029831387808041506 0.095703125
0 0.27480544747081714 0.4443359375 0.026913099870298315 0.08349609375
0 0.9888132295719845 0.547607421875 0.02172503242542153 0.08740234375
0 0.22551880674448768 0.55419921875 0.02756160830090791 0.09130859375
0 0.07376783398184177 0.5535888671875 0.02821011673151751 0.095947265625
