0 0.21435546875 0.391845703125 0.0380859375 0.08984375
0 0.17317708333333334 0.39306640625 0.037109375 0.08544921875
0 0.038411458333333336 0.390869140625 0.041666666666666664 0.09228515625
0 0.11897786458333333 0.2801513671875 0.0400390625 0.091552734375
0 0.3821614583333333 0.39306640625 0.028645833333333332 0.0859375
0 0.048014322916666664 0.2728271484375 0.036783854166666664 0.101806640625
0 0.16064453125 0.2802734375 0.038736979166666664 0.08984375
0 0.5445963541666666 0.39697265625 0.037109375 0.078125
0 0.20914713541666666 0.52783203125 0.029622395833333332 0.08837890625
0 0.4449869791666667 0.3936767578125 0.03125 0.083251953125
0 0.17838541666666666 0.5289306640625 0.030598958333333332 0.087646484375
0 0.05859375 0.52783203125 0.03515625 0.08642578125
0 0.2513020833333333 0.39453125 0.035807291666666664 0.08642578125
0 0.21012369791666666 0.7442626953125 0.025065104166666668 0.075927734375
0 0.3525390625 0.3922119140625 0.031901041666666664 0.088623046875
0 0.8097330729166666 0.5198974609375 0.023763020833333332 0.073486328125
0 0.7869466145833334 0.5196533203125 0.023763020833333332 0.075927734375
0 0.3219401041666667 0.5245361328125 0.02734375 0.085693359375
0 0.18961588541666666 0.63720703125 0.0283203125 0.087890625
0 0.31689453125 0.390625 0.0302734375 0.09375
0 0.28564453125 0.3931884765625 0.033528645833333336 0.088623046875
0 0.2654622395833333 0.527587890625 0.027669270833333332 0.08544921875
0 0.5099283854166666 0.391845703125 0.0302734375 0.0859375
0 0.62353515625 0.5218505859375 0.0244140625 0.078369140625
0 0.2937825520833333 0.527099609375 0.027669270833333332 0.0849609375
0 0.12093098958333333 0.529052734375 0.0341796875 0.0859375
0 0.7643229166666666 0.5191650390625 0.024739583333333332 0.078369140625
0 0.4781901041666667 0.394775390625 0.03125 0.08154296875
0 0.6481119791666666 0.5213623046875 0.024739583333333332 0.078369140625
0 0.2646484375 0.7445068359375 0.027994791666666668 0.073974609375
0 0.8642578125 0.296630859375 0.031901041666666664 0.076171875
0 0.4124348958333333 0.3931884765625 0.03125 0.083740234375
0 0.236328125 0.7449951171875 0.025390625 0.073974609375
0 0.7158203125 0.5206298828125 0.026041666666666668 0.078857421875
0 0.7403971354166666 0.52001953125 0.025065104166666668 0.080078125
0 0.7080078125 0.3951416015625 0.026692708333333332 0.078857421875
0 0.4705403645833333 0.2889404296875 0.0380859375 0.083251953125
0 0.63232421875 0.3939208984375 0.025716145833333332 0.079833984375
0 0.6832682291666666 0.394287109375 0.025390625 0.07861328125
0 0.6730143229166666 0.5196533203125 0.025065104166666668 0.079833984375
0 0.8888346354166666 0.39599609375 0.025065104166666668 0.07177734375
0 0.4781901041666667 0.5238037109375 0.025390625 0.086181640625
0 0.8312174479166666 0.5194091796875 0.021809895833333332 0.072998046875
0 0.9755859375 0.609375 0.025390625 0.0751953125
0 0.6583658854166666 0.3939208984375 0.027018229166666668 0.078857421875
0 0.21809895833333334 0.6378173828125 0.028645833333333332 0.088623046875
0 0.8766276041666666 0.705078125 0.027994791666666668 0.07421875
0 0.9069010416666666 0.6116943359375 0.025390625 0.074462890625
0 0.9524739583333334 0.609130859375 0.024088541666666668 0.07568359375
0 0.2716471354166667 0.6375732421875 0.0244140625 0.082275390625
0 0.36767578125 0.280517578125 0.028971354166666668 0.09619140625
0 0.93359375 0.39501953125 0.022135416666666668 0.07275390625
0 0.93017578125 0.6102294921875 0.0244140625 0.075439453125
0 0.16015625 0.638427734375 0.030598958333333332 0.08740234375
0 0.8650716145833334 0.396728515625 0.023763020833333332 0.0732421875
0 0.5525716145833334 0.522216796875 0.0244140625 0.08203125
0 0.2976888020833333 0.6376953125 0.025065104166666668 0.08251953125
0 0.2819010416666667 0.2860107421875 0.036458333333333336 0.084716796875
0 0.5032552083333334 0.5233154296875 0.0234375 0.082275390625
0 0.3489583333333333 0.522705078125 0.026692708333333332 0.08544921875
0 0.18196614583333334 0.747802734375 0.02734375 0.0712890625
0 0.7600911458333334 0.7120361328125 0.025390625 0.076416015625
0 0.24593098958333334 0.638671875 0.025065104166666668 0.08349609375
0 0.3977864583333333 0.2813720703125 0.029947916666666668 0.096923828125
0 0.8172200520833334 0.3931884765625 0.025716145833333332 0.075927734375
0 0.10009765625 0.3922119140625 0.0380859375 0.093017578125
0 0.54638671875 0.7239990234375 0.0263671875 0.074462890625
0 0.8419596354166666 0.396240234375 0.0244140625 0.0732421875
0 0.5276692708333334 0.52294921875 0.024088541666666668 0.0810546875
0 0.8720703125 0.517333984375 0.026692708333333332 0.0751953125
0 0.7923177083333334 0.2935791015625 0.027994791666666668 0.080322265625
0 0.7360026041666666 0.396728515625 0.029947916666666668 0.07958984375
0 0.4513346354166667 0.5211181640625 0.025716145833333332 0.090576171875
0 0.7638346354166666 0.3961181640625 0.0263671875 0.078369140625
0 0.95654296875 0.3946533203125 0.025716145833333332 0.073486328125
0 0.9127604166666666 0.3948974609375 0.022786458333333332 0.072998046875
0 0.8214518229166666 0.617431640625 0.023111979166666668 0.0751953125
0 0.7335611979166666 0.71337890625 0.0244140625 0.07568359375
0 0.0810546875 0.274169921875 0.032552083333333336 0.10107421875
0 0.5584309895833334 0.6268310546875 0.0244140625 0.080322265625
0 0.71630859375 0.291748046875 0.027669270833333332 0.08056640625
0 0.2978515625 0.7403564453125 0.029947916666666668 0.081298828125
0 0.67578125 0.6214599609375 0.026692708333333332 0.077880859375
0 0.3235677083333333 0.63720703125 0.024739583333333332 0.08203125
0 0.3546549479166667 0.7373046875 0.0244140625 0.08056640625
0 0.6051432291666666 0.393310546875 0.029296875 0.08056640625
0 0.8621419270833334 0.6146240234375 0.0244140625 0.073486328125
0 0.40185546875 0.6357421875 0.0244140625 0.07861328125
0 0.4939778645833333 0.7249755859375 0.025065104166666668 0.075927734375
0 0.9015299479166666 0.7022705078125 0.023111979166666668 0.077392578125
0 0.3819986979166667 0.7364501953125 0.0263671875 0.078857421875
0 0.3751627604166667 0.5223388671875 0.025065104166666668 0.085693359375
0 0.328125 0.7379150390625 0.025390625 0.082275390625
0 0.8001302083333334 0.6168212890625 0.024088541666666668 0.077880859375
0 0.6277669270833334 0.7222900390625 0.025065104166666668 0.076904296875
0 0.4659830729166667 0.7293701171875 0.025716145833333332 0.074462890625
0 0.7522786458333334 0.6173095703125 0.026692708333333332 0.084716796875
0 0.94921875 0.29833984375 0.036458333333333336 0.076171875
0 0.23828125 0.5284423828125 0.02734375 0.086669921875
0 0.76806640625 0.293212890625 0.0263671875 0.0791015625
0 0.24283854166666666 0.2803955078125 0.040364583333333336 0.090576171875
0 0.4251302083333333 0.5211181640625 0.024739583333333332 0.089599609375
0 0.6009114583333334 0.7220458984375 0.024088541666666668 0.075927734375
0 0.4391276041666667 0.731201171875 0.0234375 0.076171875
0 0.1318359375 0.6392822265625 0.027994791666666668 0.083251953125
0 0.9664713541666666 0.5096435546875 0.02734375 0.081298828125
0 0.60107421875 0.5191650390625 0.023111979166666668 0.084228515625
0 0.7071940104166666 0.716796875 0.025065104166666668 0.07421875
0 0.5198567708333334 0.7230224609375 0.024739583333333332 0.077392578125
0 0.8310546875 0.7061767578125 0.024739583333333332 0.079345703125
0 0.9793294270833334 0.3953857421875 0.025716145833333332 0.072998046875
0 0.9241536458333334 0.7000732421875 0.027994791666666668 0.079345703125
0 0.14811197916666666 0.52880859375 0.029296875 0.08837890625
0 0.5325520833333334 0.628173828125 0.024088541666666668 0.080078125
0 0.5846354166666666 0.6265869140625 0.024739583333333332 0.078857421875
0 0.8395182291666666 0.29638671875 0.026041666666666668 0.07568359375
0 0.07080078125 0.3916015625 0.031575520833333336 0.0947265625
0 0.88330078125 0.6123046875 0.023111979166666668 0.0732421875
0 0.5773111979166666 0.5181884765625 0.0244140625 0.087646484375
0 0.4557291666666667 0.6307373046875 0.024088541666666668 0.079345703125
0 0.4119466145833333 0.7322998046875 0.027018229166666668 0.078857421875
0 0.8162434895833334 0.296142578125 0.025716145833333332 0.07666015625
0 0.91552734375 0.2996826171875 0.0322265625 0.070556640625
0 0.3424479166666667 0.284912109375 0.025390625 0.08203125
0 0.4290364583333333 0.6324462890625 0.026041666666666668 0.079833984375
0 0.8499348958333334 0.518798828125 0.020182291666666668 0.07275390625
0 0.50732421875 0.6282958984375 0.021809895833333332 0.078857421875
0 0.70263671875 0.6181640625 0.025716145833333332 0.083984375
0 0.7771809895833334 0.6163330078125 0.025716145833333332 0.083251953125
0 0.6866861979166666 0.291015625 0.030924479166666668 0.08349609375
0 0.400390625 0.5211181640625 0.024739583333333332 0.088623046875
0 0.9378255208333334 0.5101318359375 0.027994791666666668 0.082763671875
0 0.37646484375 0.635986328125 0.023763020833333332 0.0791015625
0 0.5362955729166666 0.2857666015625 0.0302734375 0.089599609375
0 0.5745442708333334 0.72119140625 0.025390625 0.07666015625
0 0.7841796875 0.7091064453125 0.022135416666666668 0.076416015625
0 0.6544596354166666 0.7210693359375 0.025065104166666668 0.076416015625
0 0.9879557291666666 0.51025390625 0.024088541666666668 0.08056640625
0 0.63623046875 0.299072265625 0.030924479166666668 0.06884765625
0 0.607421875 0.28857421875 0.027994791666666668 0.0888671875
0 0.7273763020833334 0.6170654296875 0.023763020833333332 0.085205078125
0 0.7928059895833334 0.393798828125 0.027018229166666668 0.076171875
0 0.2001953125 0.2803955078125 0.039713541666666664 0.089111328125
0 0.4816080729166667 0.631103515625 0.023763020833333332 0.0771484375
0 0.6808268229166666 0.7186279296875 0.0224609375 0.073974609375
0 0.3154296875 0.287353515625 0.029947916666666668 0.076171875
0 0.90673828125 0.5107421875 0.0302734375 0.087890625
0 0.8513997395833334 0.703125 0.023111979166666668 0.07666015625
0 0.015462239583333334 0.2735595703125 0.030924479166666668 0.097412109375
0 0.5096028645833334 0.285888671875 0.027669270833333332 0.087890625
0 0.15201822916666666 0.752197265625 0.027994791666666668 0.06884765625
0 0.8406575520833334 0.61572265625 0.021809895833333332 0.07421875
0 0.8059895833333334 0.7056884765625 0.022135416666666668 0.079833984375
0 0.74169921875 0.2940673828125 0.0244140625 0.076416015625
0 0.3507486979166667 0.635986328125 0.0244140625 0.08154296875
0 0.6087239583333334 0.625 0.022786458333333332 0.078125
0 0.9842122395833334 0.2880859375 0.031575520833333336 0.10205078125
