0 0.10286458333333333 0.4158935546875 0.031901041666666664 0.077880859375
0 0.6393229166666666 0.731201171875 0.026692708333333332 0.0771484375
0 0.07047526041666667 0.734375 0.0302734375 0.08203125
0 0.07373046875 0.416748046875 0.033528645833333336 0.0771484375
0 0.7664388020833334 0.7275390625 0.025716145833333332 0.07958984375
0 0.13102213541666666 0.4149169921875 0.0302734375 0.079345703125
0 0.8701171875 0.7255859375 0.024088541666666668 0.07666015625
0 0.845703125 0.72705078125 0.027994791666666668 0.07666015625
0 0.7913411458333334 0.7283935546875 0.025390625 0.076416015625
0 0.7527669270833334 0.5260009765625 0.027669270833333332 0.079345703125
0 0.6663411458333334 0.7298583984375 0.02734375 0.078857421875
0 0.15934244791666666 0.4163818359375 0.0283203125 0.078369140625
0 0.6183268229166666 0.40576171875 0.0283203125 0.08349609375
0 0.044108072916666664 0.41748046875 0.035481770833333336 0.0771484375
0 0.1533203125 0.744140625 0.026041666666666668 0.0595703125
0 0.89404296875 0.724365234375 0.025716145833333332 0.07666015625
0 0.94580078125 0.72802734375 0.0263671875 0.06591796875
0 0.6437174479166666 0.40478515625 0.027669270833333332 0.08154296875
0 0.7194010416666666 0.72705078125 0.025390625 0.08203125
0 0.6507161458333334 0.529296875 0.026041666666666668 0.07666015625
0 0.11360677083333333 0.3070068359375 0.03515625 0.095947265625
0 0.10172526041666667 0.7333984375 0.033528645833333336 0.08154296875
0 0.6710611979166666 0.404541015625 0.027669270833333332 0.080078125
0 0.1767578125 0.7437744140625 0.026041666666666668 0.059326171875
0 0.16943359375 0.3079833984375 0.0322265625 0.093017578125
0 0.7415364583333334 0.6304931640625 0.026041666666666668 0.081298828125
0 0.053385416666666664 0.302734375 0.038411458333333336 0.10595703125
0 0.4840494791666667 0.40966796875 0.027994791666666668 0.0810546875
0 0.7159830729166666 0.630859375 0.025716145833333332 0.0810546875
0 0.4617513020833333 0.727294921875 0.0263671875 0.08251953125
0 0.8175455729166666 0.73046875 0.027018229166666668 0.0712890625
0 0.016276041666666668 0.4163818359375 0.030598958333333332 0.077880859375
0 0.5921223958333334 0.4063720703125 0.029296875 0.085205078125
0 0.6767578125 0.528076171875 0.026692708333333332 0.07861328125
0 0.74365234375 0.7261962890625 0.023763020833333332 0.082275390625
0 0.4345703125 0.7318115234375 0.02734375 0.077880859375
0 0.04248046875 0.7344970703125 0.027669270833333332 0.079833984375
0 0.7941080729166666 0.6295166015625 0.025716145833333332 0.077880859375
0 0.9832356770833334 0.622802734375 0.032877604166666664 0.0830078125
0 0.232421875 0.739501953125 0.027994791666666668 0.06787109375
0 0.4576822916666667 0.409423828125 0.025390625 0.080078125
0 0.14078776041666666 0.305908203125 0.034830729166666664 0.09716796875
0 0.9202473958333334 0.7236328125 0.024739583333333332 0.07421875
0 0.296875 0.416015625 0.02734375 0.078125
0 0.032063802083333336 0.53759765625 0.034830729166666664 0.0849609375
0 0.84130859375 0.6265869140625 0.027669270833333332 0.076904296875
0 0.08512369791666667 0.30810546875 0.0341796875 0.09521484375
0 0.12906901041666666 0.6407470703125 0.027018229166666668 0.077880859375
0 0.78076171875 0.523193359375 0.027018229166666668 0.083984375
0 0.5651041666666666 0.4066162109375 0.028645833333333332 0.086669921875
0 0.05908203125 0.6387939453125 0.028971354166666668 0.080810546875
0 0.2887369791666667 0.534912109375 0.026692708333333332 0.08203125
0 0.9091796875 0.520751953125 0.024739583333333332 0.0771484375
0 0.4324544270833333 0.4095458984375 0.0263671875 0.080322265625
0 0.72900390625 0.400390625 0.029622395833333332 0.0849609375
0 0.6241861979166666 0.529052734375 0.025716145833333332 0.0751953125
0 0.6990559895833334 0.4031982421875 0.029622395833333332 0.080810546875
0 0.10677083333333333 0.6409912109375 0.024739583333333332 0.076904296875
0 0.08479817708333333 0.6397705078125 0.025065104166666668 0.078369140625
0 0.2705078125 0.416259765625 0.030598958333333332 0.0791015625
0 0.15218098958333334 0.6400146484375 0.027018229166666668 0.079345703125
0 0.232421875 0.3033447265625 0.034505208333333336 0.093505859375
0 0.8064778645833334 0.521484375 0.025065104166666668 0.0849609375
0 0.97265625 0.72119140625 0.024739583333333332 0.078125
0 0.25146484375 0.641845703125 0.023763020833333332 0.0732421875
0 0.6126302083333334 0.7275390625 0.026041666666666668 0.08056640625
0 0.8307291666666666 0.521484375 0.025390625 0.08349609375
0 0.69140625 0.63134765625 0.025390625 0.0810546875
0 0.59814453125 0.302490234375 0.027669270833333332 0.08251953125
0 0.7257486979166666 0.5267333984375 0.025065104166666668 0.078857421875
0 0.5465494791666666 0.634521484375 0.0234375 0.080078125
0 0.13053385416666666 0.7412109375 0.02734375 0.0634765625
0 0.6936848958333334 0.7265625 0.024739583333333332 0.08251953125
0 0.9368489583333334 0.5213623046875 0.028645833333333332 0.074951171875
0 0.6515299479166666 0.30517578125 0.0263671875 0.07373046875
0 0.3221028645833333 0.41455078125 0.027018229166666668 0.08056640625
0 0.9176432291666666 0.6273193359375 0.028645833333333332 0.073486328125
0 0.17985026041666666 0.64013671875 0.0302734375 0.07958984375
0 0.3111979166666667 0.53466796875 0.024088541666666668 0.07958984375
0 0.27734375 0.6396484375 0.02734375 0.0751953125
0 0.7674153645833334 0.6302490234375 0.0263671875 0.079833984375
0 0.2626953125 0.5355224609375 0.02734375 0.082275390625
0 0.20556640625 0.74609375 0.0302734375 0.05615234375
0 0.8553059895833334 0.5211181640625 0.0244140625 0.079833984375
0 0.4059244791666667 0.4105224609375 0.027994791666666668 0.078369140625
0 0.08512369791666667 0.5379638671875 0.029622395833333332 0.082763671875
0 0.58544921875 0.7288818359375 0.025065104166666668 0.080810546875
0 0.059244791666666664 0.5374755859375 0.028645833333333332 0.083740234375
0 0.4142252604166667 0.5321044921875 0.0263671875 0.083740234375
0 0.19775390625 0.3084716796875 0.030924479166666668 0.088623046875
0 0.44189453125 0.53076171875 0.0244140625 0.08642578125
0 0.892578125 0.6268310546875 0.027994791666666668 0.075439453125
0 0.18505859375 0.416259765625 0.0263671875 0.07861328125
0 0.020345052083333332 0.3074951171875 0.036783854166666664 0.099853515625
0 0.5974934895833334 0.529296875 0.0263671875 0.0751953125
0 0.5226236979166666 0.6346435546875 0.023763020833333332 0.078857421875
0 0.625 0.3035888671875 0.026041666666666668 0.078857421875
0 0.5615234375 0.7291259765625 0.024088541666666668 0.082275390625
0 0.6668294270833334 0.630615234375 0.023763020833333332 0.083984375
0 0.4978841145833333 0.6348876953125 0.0244140625 0.077392578125
0 0.4840494791666667 0.305908203125 0.030598958333333332 0.07666015625
0 0.2353515625 0.5379638671875 0.027994791666666668 0.081298828125
0 0.91650390625 0.3980712890625 0.023763020833333332 0.077392578125
0 0.3357747395833333 0.5352783203125 0.0283203125 0.079345703125
0 0.94091796875 0.397705078125 0.025716145833333332 0.07568359375
0 0.8819986979166666 0.521484375 0.027669270833333332 0.07861328125
0 0.4656575520833333 0.5302734375 0.023763020833333332 0.0849609375
0 0.5714518229166666 0.6343994140625 0.023763020833333332 0.079833984375
0 0.7021484375 0.527099609375 0.024088541666666668 0.080078125
0 0.18929036458333334 0.5367431640625 0.027018229166666668 0.080810546875
0 0.5387369791666666 0.4078369140625 0.02734375 0.085693359375
0 0.8668619791666666 0.6263427734375 0.026692708333333332 0.076416015625
0 0.5432942708333334 0.3016357421875 0.028645833333333332 0.085205078125
0 0.032877604166666664 0.6402587890625 0.02734375 0.077392578125
0 0.8914388020833334 0.3984375 0.027669270833333332 0.07861328125
0 0.5120442708333334 0.41064453125 0.027994791666666668 0.08203125
0 0.53662109375 0.7281494140625 0.0244140625 0.083251953125
0 0.44873046875 0.6343994140625 0.025716145833333332 0.077880859375
0 0.4734700520833333 0.6337890625 0.023763020833333332 0.078125
0 0.5185546875 0.53076171875 0.025390625 0.08251953125
0 0.8582356770833334 0.39990234375 0.0322265625 0.08056640625
0 0.4913736979166667 0.530517578125 0.027018229166666668 0.083984375
0 0.8009440104166666 0.39697265625 0.027018229166666668 0.0869140625
0 0.5696614583333334 0.5289306640625 0.026041666666666668 0.079345703125
0 0.5955403645833334 0.6346435546875 0.023111979166666668 0.078369140625
0 0.4874674479166667 0.7276611328125 0.0244140625 0.084228515625
0 0.5128580729166666 0.7283935546875 0.023763020833333332 0.083251953125
0 0.8170572916666666 0.6278076171875 0.024088541666666668 0.077392578125
0 0.759765625 0.3056640625 0.032552083333333336 0.06494140625
0 0.11360677083333333 0.5380859375 0.026041666666666668 0.07958984375
0 0.4274088541666667 0.30322265625 0.029947916666666668 0.0869140625
0 0.13850911458333334 0.5384521484375 0.0283203125 0.078857421875
0 0.57080078125 0.3028564453125 0.027018229166666668 0.083251953125
0 0.20849609375 0.6414794921875 0.0263671875 0.072998046875
0 0.6193033854166666 0.6346435546875 0.0244140625 0.078857421875
0 0.34716796875 0.3067626953125 0.0283203125 0.085693359375
0 0.3787434895833333 0.4112548828125 0.025716145833333332 0.077392578125
0 0.5441080729166666 0.5294189453125 0.025065104166666668 0.081298828125
0 0.24348958333333334 0.4150390625 0.028645833333333332 0.08203125
0 0.16357421875 0.5379638671875 0.028971354166666668 0.079345703125
0 0.8347981770833334 0.298095703125 0.031575520833333336 0.0751953125
0 0.5143229166666666 0.3070068359375 0.029947916666666668 0.076416015625
0 0.3494466145833333 0.4129638671875 0.028971354166666668 0.079345703125
0 0.018880208333333332 0.736083984375 0.026692708333333332 0.07666015625
0 0.7718098958333334 0.3980712890625 0.028645833333333332 0.087646484375
0 0.8271484375 0.3995361328125 0.026692708333333332 0.081298828125
0 0.6437174479166666 0.6339111328125 0.0244140625 0.078857421875
0 0.2980143229166667 0.313720703125 0.028971354166666668 0.07275390625
0 0.40087890625 0.303955078125 0.027669270833333332 0.08837890625
0 0.30859375 0.6368408203125 0.027994791666666668 0.075439453125
0 0.4571940104166667 0.30810546875 0.027669270833333332 0.07568359375
0 0.2674153645833333 0.3114013671875 0.0322265625 0.076904296875
0 0.8681640625 0.295166015625 0.032552083333333336 0.07861328125
0 0.9913736979166666 0.7198486328125 0.017252604166666668 0.081787109375
0 0.3751627604166667 0.3038330078125 0.0302734375 0.090087890625
0 0.8033854166666666 0.298583984375 0.03125 0.0751953125
0 0.21419270833333334 0.537109375 0.024739583333333332 0.08203125
0 0.21175130208333334 0.416015625 0.027018229166666668 0.0791015625
0 0.011555989583333334 0.6414794921875 0.0224609375 0.075927734375
0 0.95654296875 0.291259765625 0.0283203125 0.0810546875
0 0.3238932291666667 0.3096923828125 0.026041666666666668 0.077880859375
0 0.3347981770833333 0.63720703125 0.023763020833333332 0.07421875
