0 0.23616536458333334 0.369873046875 0.043294270833333336 0.11474609375
0 0.10872395833333333 0.37158203125 0.046223958333333336 0.12255859375
0 0.28125 0.370361328125 0.044270833333333336 0.11474609375
0 0.0478515625 0.5228271484375 0.046875 0.115478515625
0 0.1494140625 0.36962890625 0.04296875 0.1181640625
0 0.19368489583333334 0.372314453125 0.041015625 0.11083984375
0 0.08935546875 0.5240478515625 0.048502604166666664 0.114013671875
0 0.05224609375 0.6632080078125 0.054361979166666664 0.100830078125
0 0.026692708333333332 0.3756103515625 0.050130208333333336 0.127197265625
0 0.06640625 0.3748779296875 0.050130208333333336 0.126220703125
0 0.13395182291666666 0.6549072265625 0.0478515625 0.100830078125
0 0.12711588541666666 0.5211181640625 0.0478515625 0.114990234375
0 0.23909505208333334 0.506591796875 0.040690104166666664 0.109375
0 0.2737630208333333 0.5059814453125 0.0390625 0.105224609375
0 0.24951171875 0.642822265625 0.038736979166666664 0.1103515625
0 0.3221028645833333 0.370361328125 0.041341145833333336 0.10888671875
0 0.21354166666666666 0.64306640625 0.042317708333333336 0.10546875
0 0.3961588541666667 0.367919921875 0.037760416666666664 0.1044921875
0 0.36083984375 0.367919921875 0.038736979166666664 0.103515625
0 0.28271484375 0.6353759765625 0.0400390625 0.101318359375
0 0.166015625 0.5167236328125 0.047526041666666664 0.116455078125
0 0.09440104166666667 0.6607666015625 0.048828125 0.101318359375
0 0.0205078125 0.6805419921875 0.041015625 0.072509765625
0 0.17236328125 0.650634765625 0.0400390625 0.0986328125
0 0.5734049479166666 0.598876953125 0.027669270833333332 0.0859375
0 0.51611328125 0.603759765625 0.028971354166666668 0.087890625
0 0.3076171875 0.50439453125 0.037109375 0.10009765625
0 0.6228841145833334 0.3660888671875 0.029622395833333332 0.092529296875
0 0.20279947916666666 0.51025390625 0.047526041666666664 0.115234375
0 0.6515299479166666 0.36572265625 0.0283203125 0.09228515625
0 0.4034830729166667 0.724609375 0.0302734375 0.08056640625
0 0.6277669270833334 0.5947265625 0.028971354166666668 0.080078125
0 0.51318359375 0.7078857421875 0.0263671875 0.074462890625
0 0.24137369791666666 0.75390625 0.0400390625 0.083984375
0 0.4065755208333333 0.505126953125 0.033854166666666664 0.099609375
0 0.5939127604166666 0.36474609375 0.031575520833333336 0.095703125
0 0.45849609375 0.7183837890625 0.0283203125 0.078857421875
0 0.8361002604166666 0.369873046875 0.023763020833333332 0.078125
0 0.4913736979166667 0.3660888671875 0.0361328125 0.100341796875
0 0.45849609375 0.36669921875 0.033528645833333336 0.10400390625
0 0.6953125 0.482177734375 0.024088541666666668 0.08447265625
0 0.8562825520833334 0.3687744140625 0.023763020833333332 0.077880859375
0 0.4861653645833333 0.6072998046875 0.0322265625 0.088134765625
0 0.5413411458333334 0.7008056640625 0.029947916666666668 0.075439453125
0 0.08854166666666667 0.775390625 0.043619791666666664 0.08447265625
0 0.3465169270833333 0.7310791015625 0.0341796875 0.085205078125
0 0.6707356770833334 0.4827880859375 0.0244140625 0.083251953125
0 0.3194986979166667 0.6331787109375 0.039388020833333336 0.098388671875
0 0.8151041666666666 0.3699951171875 0.0234375 0.080810546875
0 0.794921875 0.3699951171875 0.022135416666666668 0.080810546875
0 0.5237630208333334 0.3634033203125 0.035807291666666664 0.102294921875
0 0.56201171875 0.3631591796875 0.036783854166666664 0.103271484375
0 0.5999348958333334 0.5968017578125 0.02734375 0.085693359375
0 0.3419596354166667 0.503662109375 0.036783854166666664 0.0986328125
0 0.6785481770833334 0.3641357421875 0.029622395833333332 0.093994140625
0 0.45458984375 0.612060546875 0.030924479166666668 0.08935546875
0 0.050944010416666664 0.783203125 0.047200520833333336 0.07666015625
0 0.17057291666666666 0.7635498046875 0.045572916666666664 0.088134765625
0 0.3751627604166667 0.5054931640625 0.0341796875 0.099853515625
0 0.4308268229166667 0.7216796875 0.0283203125 0.07958984375
0 0.6463216145833334 0.4840087890625 0.023763020833333332 0.081787109375
0 0.4222005208333333 0.62060546875 0.037760416666666664 0.09765625
0 0.5690104166666666 0.696044921875 0.026692708333333332 0.07373046875
0 0.5029296875 0.4957275390625 0.033203125 0.100341796875
0 0.5940755208333334 0.4925537109375 0.026692708333333332 0.073974609375
0 0.5667317708333334 0.494384765625 0.027994791666666668 0.0732421875
0 0.59423828125 0.6883544921875 0.025716145833333332 0.066162109375
0 0.4306640625 0.3670654296875 0.032552083333333336 0.102783203125
0 0.71826171875 0.480712890625 0.023111979166666668 0.08349609375
0 0.5372721354166666 0.4952392578125 0.0302734375 0.074951171875
0 0.7526041666666666 0.369384765625 0.02734375 0.0849609375
0 0.6209309895833334 0.48681640625 0.0263671875 0.0791015625
0 0.439453125 0.5029296875 0.032552083333333336 0.10107421875
0 0.91064453125 0.3663330078125 0.027018229166666668 0.078857421875
0 0.6583658854166666 0.6805419921875 0.0224609375 0.067626953125
0 0.9578450520833334 0.5458984375 0.0185546875 0.06298828125
0 0.13118489583333334 0.7691650390625 0.041015625 0.085693359375
0 0.9453125 0.5474853515625 0.020182291666666668 0.063232421875
0 0.6383463541666666 0.682861328125 0.0234375 0.06884765625
0 0.6160481770833334 0.686279296875 0.023763020833333332 0.06591796875
0 0.7010091145833334 0.671630859375 0.0224609375 0.06884765625
0 0.9171549479166666 0.5523681640625 0.021158854166666668 0.063232421875
0 0.4713541666666667 0.499267578125 0.029947916666666668 0.09814453125
0 0.4861653645833333 0.713134765625 0.0283203125 0.07568359375
0 0.91015625 0.55419921875 0.020182291666666668 0.0634765625
0 0.8802083333333334 0.470703125 0.022786458333333332 0.06982421875
0 0.7263997395833334 0.58154296875 0.023111979166666668 0.0703125
0 0.9327799479166666 0.549072265625 0.0205078125 0.06298828125
0 0.8723958333333334 0.3675537109375 0.025390625 0.077392578125
0 0.83935546875 0.4752197265625 0.023111979166666668 0.071044921875
0 0.8953450520833334 0.55517578125 0.021158854166666668 0.06201171875
0 0.8785807291666666 0.557373046875 0.021484375 0.06103515625
0 0.85888671875 0.473388671875 0.023111979166666668 0.0693359375
0 0.7400716145833334 0.478515625 0.0224609375 0.08349609375
0 0.9708658854166666 0.5439453125 0.017903645833333332 0.0625
0 0.9571940104166666 0.465087890625 0.023763020833333332 0.06689453125
0 0.6795247395833334 0.6748046875 0.023111979166666668 0.06787109375
