0 0.5168612191958496 0.7802734375 0.0311284046692607 0.10205078125
0 0.8957522697795072 0.7645263671875 0.02885862516212711 0.093505859375
0 0.3949416342412451 0.79443359375 0.0311284046692607 0.1044921875
0 0.6113813229571985 0.779296875 0.0314526588845655 0.1015625
0 0.06955252918287938 0.28369140625 0.04118028534370947 0.09375
0 0.16553177691309987 0.4180908203125 0.04182879377431906 0.107666015625
0 0.030317769130998703 0.4130859375 0.04636835278858625 0.10986328125
0 0.04717898832684825 0.546875 0.03988326848249027 0.109375
0 0.13715953307392997 0.5491943359375 0.04345006485084306 0.106689453125
0 0.29571984435797666 0.799072265625 0.031776913099870296 0.10205078125
0 0.32911802853437094 0.7958984375 0.033073929961089495 0.107421875
0 0.36202983138780803 0.795166015625 0.032101167315175094 0.10546875
0 0.2692931258106355 0.5491943359375 0.03339818417639429 0.105712890625
0 0.5486381322957199 0.7806396484375 0.0311284046692607 0.100341796875
0 0.4571984435797665 0.78564453125 0.029182879377431907 0.10546875
0 0.12062256809338522 0.4150390625 0.041504539559014265 0.10986328125
0 0.5802529182879378 0.77880859375 0.030155642023346304 0.1025390625
0 0.07684824902723736 0.41455078125 0.042801556420233464 0.109375
0 0.4268806744487678 0.792724609375 0.030155642023346304 0.10302734375
0 0.30496108949416345 0.5489501953125 0.03339818417639429 0.104248046875
0 0.20654993514915693 0.4189453125 0.03696498054474708 0.1103515625
0 0.642833981841764 0.7786865234375 0.02885862516212711 0.096923828125
0 0.36964980544747084 0.6729736328125 0.03437094682230869 0.101318359375
0 0.2699416342412451 0.675537109375 0.03339818417639429 0.10302734375
0 0.9528210116731517 0.7615966796875 0.02885862516212711 0.091552734375
0 0.09192607003891051 0.548095703125 0.042477302204928666 0.10693359375
0 0.24335278858625162 0.419677734375 0.03339818417639429 0.107421875
0 0.8404669260700389 0.7669677734375 0.027885862516212712 0.094482421875
0 0.544260700389105 0.4290771484375 0.030155642023346304 0.093994140625
0 0.026588845654993514 0.280517578125 0.038910505836575876 0.09375
0 0.7279507133592736 0.7760009765625 0.027885862516212712 0.093505859375
0 0.18482490272373542 0.5518798828125 0.04798962386511025 0.102294921875
0 0.5583657587548638 0.6729736328125 0.023994811932555125 0.077880859375
0 0.37046044098573283 0.5472412109375 0.032101167315175094 0.101806640625
0 0.5836575875486382 0.672607421875 0.02464332036316472 0.0771484375
0 0.4670881971465629 0.54443359375 0.0327496757457847 0.1015625
0 0.5329118028534371 0.6734619140625 0.02496757457846952 0.079833984375
0 0.27707522697795073 0.4200439453125 0.0327496757457847 0.106201171875
0 0.2232490272373541 0.285888671875 0.03469520103761349 0.1064453125
0 0.2598897535667964 0.2877197265625 0.03728923476005188 0.108642578125
0 0.5554474708171206 0.3016357421875 0.0324254215304799 0.100341796875
0 0.23249027237354086 0.5498046875 0.03696498054474708 0.10595703125
0 0.60878728923476 0.67138671875 0.024319066147859923 0.078125
0 0.8680285343709468 0.765869140625 0.026588845654993514 0.09326171875
0 0.16569390402075226 0.6766357421875 0.03631647211413749 0.109619140625
0 0.8904020752269779 0.313232421875 0.0311284046692607 0.09521484375
0 0.7842088197146563 0.7734375 0.026913099870298315 0.0947265625
0 0.5223735408560312 0.299072265625 0.03372243839169909 0.10498046875
0 0.4074254215304799 0.66943359375 0.03404669260700389 0.10400390625
0 0.6718547341115434 0.7763671875 0.027237354085603113 0.0986328125
0 0.6186770428015564 0.3026123046875 0.031776913099870296 0.099365234375
0 0.877431906614786 0.4315185546875 0.027885862516212712 0.090576171875
0 0.36284046692607 0.291015625 0.03372243839169909 0.10400390625
0 0.3975356679636835 0.2926025390625 0.033073929961089495 0.105224609375
0 0.9456874189364461 0.3154296875 0.029507133592736705 0.09228515625
0 0.3114461738002594 0.4210205078125 0.0327496757457847 0.107177734375
0 0.4349870298313878 0.541748046875 0.030155642023346304 0.10546875
0 0.7166018158236057 0.3060302734375 0.029831387808041506 0.098388671875
0 0.053501945525291826 0.681884765625 0.038910505836575876 0.10986328125
0 0.48573281452658884 0.7816162109375 0.029182879377431907 0.105224609375
0 0.9079118028534371 0.432373046875 0.029831387808041506 0.0888671875
0 0.502431906614786 0.5447998046875 0.03469520103761349 0.101318359375
0 0.20071335927367057 0.676513671875 0.03372243839169909 0.10400390625
0 0.756485084306096 0.7752685546875 0.027237354085603113 0.094482421875
0 0.9701686121919585 0.315673828125 0.02594033722438392 0.09130859375
0 0.8184176394293126 0.4306640625 0.027885862516212712 0.08984375
0 0.9239623865110247 0.76171875 0.02885862516212711 0.09521484375
0 0.23492217898832685 0.67529296875 0.03404669260700389 0.1044921875
0 0.6352140077821011 0.6708984375 0.02594033722438392 0.078125
0 0.9189364461738002 0.31396484375 0.028534370946822308 0.09423828125
0 0.669260700389105 0.4296875 0.029831387808041506 0.0927734375
0 0.32830739299610895 0.2889404296875 0.0327496757457847 0.104736328125
0 0.503242542153048 0.6671142578125 0.029831387808041506 0.091552734375
0 0.6514267185473411 0.30419921875 0.033073929961089495 0.09912109375
0 0.8049610894941635 0.5450439453125 0.026913099870298315 0.090087890625
0 0.3357652399481193 0.6727294921875 0.032101167315175094 0.103271484375
0 0.685473411154345 0.3050537109375 0.0324254215304799 0.099853515625
0 0.7773994811932555 0.5445556640625 0.02756160830090791 0.092529296875
0 0.3466277561608301 0.421875 0.03437094682230869 0.10546875
0 0.693579766536965 0.658447265625 0.028534370946822308 0.09814453125
0 0.8592736705577172 0.5455322265625 0.026588845654993514 0.090576171875
0 0.9150453955901426 0.544189453125 0.02529182879377432 0.08935546875
0 0.7579442282749675 0.4317626953125 0.02821011673151751 0.088623046875
0 0.6070038910505836 0.4296875 0.028534370946822308 0.0927734375
0 0.8041504539559015 0.3101806640625 0.0304798962386511 0.094970703125
0 0.12905317769131 0.67822265625 0.03696498054474708 0.11083984375
0 0.6285667963683528 0.5452880859375 0.029507133592736705 0.094970703125
0 0.8892671854734111 0.5440673828125 0.026264591439688716 0.091552734375
0 0.4406614785992218 0.6702880859375 0.029831387808041506 0.095947265625
0 0.7887483787289234 0.4310302734375 0.029507133592736705 0.090087890625
0 0.3033398184176394 0.6746826171875 0.030804150453955903 0.102294921875
0 0.7456225680933852 0.3070068359375 0.02885862516212711 0.095947265625
0 0.33819714656290534 0.548095703125 0.0311284046692607 0.10205078125
0 0.48119325551232167 0.42431640625 0.028534370946822308 0.1015625
0 0.5763618677042801 0.4296875 0.029507133592736705 0.09228515625
0 0.7290856031128404 0.4315185546875 0.02756160830090791 0.089599609375
0 0.4719520103761349 0.669921875 0.030155642023346304 0.09228515625
0 0.833171206225681 0.311767578125 0.02885862516212711 0.0927734375
0 0.4891374837872892 0.298095703125 0.03339818417639429 0.10302734375
0 0.4036964980544747 0.54248046875 0.031776913099870296 0.10595703125
0 0.4176394293125811 0.4222412109375 0.0311284046692607 0.104248046875
0 0.9359597924773022 0.432861328125 0.026264591439688716 0.087890625
0 0.38278210116731515 0.4215087890625 0.03469520103761349 0.103271484375
0 0.8484111543450065 0.431396484375 0.029507133592736705 0.09033203125
0 0.29588197146562906 0.2877197265625 0.03404669260700389 0.105712890625
0 0.1888780804150454 0.818359375 0.035343709468223086 0.08935546875
0 0.5374513618677043 0.546142578125 0.0314526588845655 0.0986328125
0 0.8318741893644618 0.5452880859375 0.026264591439688716 0.091064453125
0 0.7187094682230869 0.54541015625 0.02756160830090791 0.09326171875
0 0.9426070038910506 0.544189453125 0.028534370946822308 0.0908203125
0 0.5689040207522698 0.546875 0.02885862516212711 0.09765625
0 0.7472438391699092 0.54541015625 0.026913099870298315 0.09228515625
0 0.5121595330739299 0.4267578125 0.030804150453955903 0.09716796875
0 0.9700064850843061 0.54248046875 0.026264591439688716 0.09375
0 0.8852140077821011 0.6536865234375 0.026588845654993514 0.091064453125
0 0.8608949416342413 0.3118896484375 0.028534370946822308 0.091552734375
0 0.8574902723735408 0.6546630859375 0.026264591439688716 0.091064453125
0 0.5980869001297017 0.54638671875 0.02756160830090791 0.09619140625
0 0.6593709468223087 0.543701171875 0.029507133592736705 0.09765625
0 0.6900129701686122 0.5445556640625 0.027885862516212712 0.095458984375
0 0.0907911802853437 0.680908203125 0.03955901426718547 0.11279296875
0 0.6379701686121919 0.429931640625 0.029507133592736705 0.09228515625
0 0.7226005188067445 0.6583251953125 0.026264591439688716 0.095947265625
0 0.5870622568093385 0.301513671875 0.032101167315175094 0.1005859375
0 0.9630350194552529 0.431396484375 0.028534370946822308 0.0908203125
0 0.45006485084306097 0.4229736328125 0.0304798962386511 0.102783203125
0 0.2245460440985733 0.8062744140625 0.032101167315175094 0.103759765625
0 0.664396887159533 0.659423828125 0.029182879377431907 0.09912109375
0 0.812905317769131 0.769775390625 0.027237354085603113 0.09423828125
0 0.9390402075226978 0.651123046875 0.026588845654993514 0.09228515625
0 0.8312256809338522 0.6553955078125 0.023670557717250323 0.092041015625
0 0.7780479896238651 0.65576171875 0.026913099870298315 0.0947265625
0 0.805609597924773 0.656005859375 0.026264591439688716 0.09375
0 0.7731841763942932 0.3084716796875 0.029507133592736705 0.094970703125
0 0.016699092088197146 0.6795654296875 0.0327496757457847 0.114990234375
0 0.9667639429312581 0.6485595703125 0.02885862516212711 0.094970703125
0 0.1504539559014267 0.8214111328125 0.03631647211413749 0.090087890625
0 0.9116407263294423 0.6529541015625 0.026913099870298315 0.090576171875
0 0.9883268482490273 0.4310302734375 0.023346303501945526 0.092041015625
0 0.750810635538262 0.658203125 0.026264591439688716 0.09375
0 0.7003891050583657 0.7764892578125 0.027237354085603113 0.095458984375
0 0.6989299610894941 0.4296875 0.02821011673151751 0.09228515625
