0 0.312094682230869 0.7415771484375 0.04701686121919585 0.114990234375
0 0.25583657587548636 0.740966796875 0.057068741893644616 0.11083984375
0 0.3560311284046693 0.744140625 0.03437094682230869 0.10791015625
0 0.557230869001297 0.3524169921875 0.0327496757457847 0.098876953125
0 0.39007782101167315 0.7462158203125 0.031776913099870296 0.105224609375
0 0.13343060959792477 0.479248046875 0.0314526588845655 0.1005859375
0 0.42461089494163423 0.74755859375 0.0327496757457847 0.107421875
0 0.7182230869001297 0.75439453125 0.0324254215304799 0.10107421875
0 0.9794098573281452 0.4892578125 0.03404669260700389 0.0966796875
0 0.5228599221789884 0.3519287109375 0.032101167315175094 0.099365234375
0 0.24789234760051881 0.6107177734375 0.030804150453955903 0.100830078125
0 0.9246108949416343 0.6182861328125 0.03339818417639429 0.101806640625
0 0.6546692607003891 0.3531494140625 0.031776913099870296 0.097412109375
0 0.7825875486381323 0.7557373046875 0.030155642023346304 0.100341796875
0 0.3942931258106355 0.34912109375 0.0324254215304799 0.1025390625
0 0.06825551232166018 0.4803466796875 0.0314526588845655 0.097412109375
0 0.8878080415045395 0.6175537109375 0.033073929961089495 0.099853515625
0 0.16682879377431906 0.478759765625 0.032101167315175094 0.10107421875
0 0.1551556420233463 0.202880859375 0.03339818417639429 0.103515625
0 0.7955577172503242 0.210693359375 0.03339818417639429 0.10498046875
0 0.8218223086900129 0.618896484375 0.03404669260700389 0.09765625
0 0.6843385214007782 0.7510986328125 0.032101167315175094 0.104736328125
0 0.14931906614785992 0.6092529296875 0.032101167315175094 0.100830078125
0 0.189526588845655 0.20458984375 0.0327496757457847 0.10400390625
0 0.12062256809338522 0.203857421875 0.0324254215304799 0.103515625
0 0.4294747081712062 0.3492431640625 0.03339818417639429 0.103759765625
0 0.4607652399481193 0.2093505859375 0.035667963683527884 0.105712890625
0 0.029345006485084306 0.341796875 0.035343709468223086 0.10302734375
0 0.4988651102464332 0.21044921875 0.03404669260700389 0.10400390625
0 0.85473411154345 0.6187744140625 0.029831387808041506 0.095947265625
0 0.6183527885862516 0.7491455078125 0.0304798962386511 0.107666015625
0 0.4254215304798962 0.2086181640625 0.033073929961089495 0.106201171875
0 0.937905317769131 0.7698974609375 0.02756160830090791 0.079833984375
0 0.2799935149156939 0.6102294921875 0.029507133592736705 0.102294921875
0 0.2697795071335927 0.482177734375 0.03631647211413749 0.099609375
0 0.3555447470817121 0.2076416015625 0.032101167315175094 0.106201171875
0 0.2148184176394293 0.6092529296875 0.032101167315175094 0.101806640625
0 0.7871271076523995 0.617919921875 0.0327496757457847 0.0966796875
0 0.958981841763943 0.619873046875 0.032101167315175094 0.1015625
0 0.621757457846952 0.3538818359375 0.0314526588845655 0.097412109375
0 0.11640726329442283 0.609130859375 0.029831387808041506 0.0986328125
0 0.752431906614786 0.616943359375 0.03339818417639429 0.09716796875
0 0.3456549935149157 0.6126708984375 0.029831387808041506 0.101806640625
0 0.44293125810635536 0.61181640625 0.0311284046692607 0.10205078125
0 0.6509403372243839 0.7506103515625 0.0314526588845655 0.103759765625
0 0.8304150453955902 0.2113037109375 0.0324254215304799 0.101318359375
0 0.10165369649805447 0.4794921875 0.030804150453955903 0.09814453125
0 0.05609597924773022 0.6077880859375 0.029182879377431907 0.098388671875
0 0.3223086900129702 0.2069091796875 0.0311284046692607 0.106201171875
0 0.29571984435797666 0.346923828125 0.0311284046692607 0.10400390625
0 0.1819066147859922 0.608154296875 0.029831387808041506 0.10107421875
0 0.5904669260700389 0.353515625 0.0311284046692607 0.09619140625
0 0.7162775616083009 0.614990234375 0.03372243839169909 0.0986328125
0 0.7514591439688716 0.75537109375 0.030155642023346304 0.099609375
0 0.7597276264591439 0.21142578125 0.03372243839169909 0.10302734375
0 0.5321011673151751 0.2108154296875 0.0311284046692607 0.104736328125
0 0.39056420233463035 0.2083740234375 0.03404669260700389 0.106201171875
0 0.4573605706874189 0.74658203125 0.02885862516212711 0.10693359375
0 0.3132295719844358 0.61083984375 0.0311284046692607 0.10400390625
0 0.36040856031128404 0.347412109375 0.032101167315175094 0.1044921875
0 0.2232490272373541 0.205810546875 0.0314526588845655 0.10546875
0 0.687905317769131 0.353271484375 0.032101167315175094 0.0966796875
0 0.020752269779507133 0.607666015625 0.0324254215304799 0.09765625
0 0.49238002594033725 0.3504638671875 0.02756160830090791 0.101318359375
0 0.0654993514915694 0.341796875 0.03437094682230869 0.10205078125
0 0.3730544747081712 0.4827880859375 0.0314526588845655 0.101318359375
0 0.25632295719844356 0.20556640625 0.0314526588845655 0.10595703125
0 0.6934176394293126 0.211669921875 0.030155642023346304 0.10205078125
0 0.019941634241245135 0.2052001953125 0.030804150453955903 0.097412109375
0 0.23330090791180286 0.4825439453125 0.0314526588845655 0.098876953125
0 0.13229571984435798 0.3427734375 0.0311284046692607 0.10205078125
0 0.0912775616083009 0.753173828125 0.03469520103761349 0.08642578125
0 0.8816472114137484 0.352294921875 0.031776913099870296 0.1005859375
0 0.30739299610894943 0.4820556640625 0.03372243839169909 0.099365234375
0 0.5797665369649806 0.613525390625 0.0324254215304799 0.095703125
0 0.2897211413748379 0.206298828125 0.0314526588845655 0.10498046875
0 0.20055123216601817 0.4813232421875 0.0314526588845655 0.097900390625
0 0.5452334630350194 0.612548828125 0.0327496757457847 0.09716796875
0 0.8167963683527886 0.487060546875 0.0311284046692607 0.103515625
0 0.5544747081712063 0.749267578125 0.0304798962386511 0.109375
0 0.7537289234760052 0.487060546875 0.029507133592736705 0.1025390625
0 0.035667963683527884 0.4794921875 0.0324254215304799 0.09619140625
0 0.9092088197146563 0.7691650390625 0.027237354085603113 0.081787109375
0 0.9464980544747081 0.4896240234375 0.033073929961089495 0.100341796875
0 0.19909208819714655 0.752685546875 0.03696498054474708 0.08740234375
0 0.5862516212710766 0.747314453125 0.0304798962386511 0.11083984375
0 0.6579118028534371 0.488037109375 0.029831387808041506 0.0986328125
0 0.5316147859922179 0.487060546875 0.029507133592736705 0.09765625
0 0.46222438391699094 0.3497314453125 0.030804150453955903 0.102783203125
0 0.09954604409857327 0.3424072265625 0.0311284046692607 0.101318359375
0 0.05301556420233463 0.203369140625 0.0327496757457847 0.1015625
0 0.6473735408560312 0.6170654296875 0.03339818417639429 0.093017578125
0 0.22989623865110245 0.345458984375 0.0304798962386511 0.1015625
0 0.6823929961089494 0.6146240234375 0.0314526588845655 0.098388671875
0 0.5209143968871596 0.747802734375 0.030155642023346304 0.10986328125
0 0.3777561608300908 0.6124267578125 0.0304798962386511 0.100830078125
0 0.916018158236057 0.3531494140625 0.031776913099870296 0.100341796875
0 0.9826523994811932 0.3524169921875 0.029507133592736705 0.102294921875
0 0.08544098573281453 0.609130859375 0.02885862516212711 0.0986328125
0 0.8780804150453956 0.760009765625 0.031776913099870296 0.09912109375
0 0.5946822308690013 0.2115478515625 0.0324254215304799 0.103271484375
0 0.4056420233463035 0.4852294921875 0.029831387808041506 0.100341796875
0 0.126621271076524 0.7552490234375 0.03339818417639429 0.084228515625
0 0.5948443579766537 0.487548828125 0.030155642023346304 0.09765625
0 0.3411154345006485 0.4825439453125 0.029831387808041506 0.099365234375
0 0.8133916990920882 0.75537109375 0.02821011673151751 0.09375
0 0.8811608300907912 0.4852294921875 0.030804150453955903 0.108642578125
0 0.4784370946822309 0.6123046875 0.032101167315175094 0.1015625
0 0.1616407263294423 0.7535400390625 0.03404669260700389 0.087158203125
0 0.7255188067444877 0.2132568359375 0.030804150453955903 0.099365234375
0 0.08706225680933852 0.2025146484375 0.032101167315175094 0.102783203125
0 0.4098573281452659 0.612548828125 0.0304798962386511 0.10009765625
0 0.7222762645914397 0.4873046875 0.030804150453955903 0.10009765625
0 0.8195525291828794 0.3524169921875 0.029507133592736705 0.099853515625
0 0.4688715953307393 0.4862060546875 0.029182879377431907 0.098876953125
0 0.32814526588845655 0.3472900390625 0.029831387808041506 0.104736328125
0 0.7219520103761349 0.3525390625 0.0314526588845655 0.10107421875
0 0.628242542153048 0.2122802734375 0.0314526588845655 0.102294921875
0 0.6904993514915694 0.48876953125 0.029507133592736705 0.0986328125
0 0.26329442282749677 0.345947265625 0.0311284046692607 0.10400390625
0 0.4896238651102464 0.746826171875 0.0304798962386511 0.111328125
0 0.7846952010376135 0.4873046875 0.029182879377431907 0.1015625
0 0.19714656290531776 0.345703125 0.0304798962386511 0.10205078125
0 0.754863813229572 0.352294921875 0.0304798962386511 0.099609375
0 0.6139753566796369 0.6138916015625 0.0314526588845655 0.095458984375
0 0.6613164721141375 0.21142578125 0.030804150453955903 0.1025390625
0 0.5121595330739299 0.6124267578125 0.032101167315175094 0.098876953125
0 0.6267833981841764 0.487548828125 0.029182879377431907 0.09814453125
0 0.5640402075226978 0.4879150390625 0.029507133592736705 0.096435546875
0 0.9680609597924773 0.213623046875 0.0327496757457847 0.10400390625
0 0.16553177691309987 0.3436279296875 0.030155642023346304 0.101318359375
0 0.437094682230869 0.485595703125 0.0311284046692607 0.09912109375
0 0.9513618677042801 0.3526611328125 0.031776913099870296 0.099853515625
0 0.027237354085603113 0.7425537109375 0.026588845654993514 0.094970703125
0 0.8646238651102465 0.2122802734375 0.030804150453955903 0.103271484375
0 0.8947795071335928 0.2127685546875 0.02756160830090791 0.102783203125
0 0.8490596627756161 0.4866943359375 0.030804150453955903 0.103271484375
0 0.9132619974059663 0.4857177734375 0.0314526588845655 0.107666015625
0 0.5004863813229572 0.4869384765625 0.030804150453955903 0.097900390625
0 0.8401426718547341 0.7503662109375 0.02594033722438392 0.096923828125
0 0.9656290531776913 0.755859375 0.027885862516212712 0.10595703125
0 0.5632295719844358 0.211181640625 0.029831387808041506 0.10302734375
0 0.7876134889753567 0.35205078125 0.0311284046692607 0.10009765625
0 0.057068741893644616 0.7532958984375 0.033073929961089495 0.083740234375
