0 0.4383916990920882 0.17236328125 0.08300907911802853 0.205078125
0 0.4670881971465629 0.4366455078125 0.060635538261997406 0.195556640625
0 0.26686121919584954 0.171630859375 0.07587548638132295 0.20703125
0 0.2895590142671855 0.6790771484375 0.057068741893644616 0.175048828125
0 0.2140077821011673 0.6785888671875 0.06031128404669261 0.181396484375
0 0.2201686121919585 0.4356689453125 0.06614785992217899 0.190185546875
0 0.5123216601815823 0.67919921875 0.05512321660181582 0.1806640625
0 0.2827496757457847 0.4359130859375 0.0609597924773022 0.191650390625
0 0.5301556420233463 0.436279296875 0.062905317769131 0.1953125
0 0.8231193255512321 0.1571044921875 0.08398184176394292 0.227783203125
0 0.065337224383917 0.876708984375 0.05285343709468223 0.15966796875
0 0.6545071335927367 0.4373779296875 0.061284046692607 0.194091796875
0 0.3944552529182879 0.681396484375 0.05415045395590143 0.17724609375
0 0.9072632944228275 0.157958984375 0.08819714656290532 0.2265625
0 0.6340791180285343 0.682373046875 0.05933852140077821 0.18017578125
0 0.8172827496757458 0.681396484375 0.05285343709468223 0.18994140625
0 0.6099221789883269 0.8885498046875 0.05642023346303502 0.162353515625
0 0.5716601815823605 0.680419921875 0.06031128404669261 0.1826171875
0 0.042639429312581065 0.1644287109375 0.08268482490272373 0.215576171875
0 0.2242217898832685 0.890869140625 0.052204928664072635 0.154296875
0 0.1517509727626459 0.68115234375 0.05966277561608301 0.1767578125
0 0.7597276264591439 0.6883544921875 0.0609597924773022 0.178955078125
0 0.9432555123216602 0.681396484375 0.07911802853437094 0.1953125
0 0.8895914396887159 0.8958740234375 0.060635538261997406 0.164306640625
0 0.5554474708171206 0.864013671875 0.046044098573281456 0.107421875
0 0.7775616083009079 0.4395751953125 0.05771725032425422 0.187744140625
0 0.671692607003891 0.1796875 0.05544747081712062 0.181640625
0 0.02221141374837873 0.8780517578125 0.04442282749675746 0.158447265625
0 0.9726005188067445 0.4339599609375 0.052204928664072635 0.193603515625
