0 0.177978515625 0.6453525641025641 0.029296875 0.1233974358974359
0 0.2078857421875 0.642948717948718 0.027587890625 0.12051282051282051
0 0.359130859375 0.63125 0.02392578125 0.11955128205128206
0 0.239990234375 0.9251602564102565 0.029296875 0.12980769230769232
0 0.383544921875 0.6282051282051282 0.021484375 0.12051282051282051
0 0.3187255859375 0.916826923076923 0.025146484375 0.12083333333333333
0 0.18896484375 0.7879807692307692 0.029296875 0.1233974358974359
0 0.13916015625 0.9371794871794872 0.0322265625 0.12564102564102564
0 0.237060546875 0.6394230769230769 0.02783203125 0.12115384615384615
0 0.3446044921875 0.9141025641025641 0.024169921875 0.12051282051282051
0 0.1324462890625 0.7947115384615384 0.026123046875 0.12147435897435897
0 0.3489990234375 0.770673076923077 0.025146484375 0.11955128205128206
0 0.489501953125 0.750801282051282 0.021484375 0.11506410256410256
0 0.4769287109375 0.6184294871794872 0.024169921875 0.11634615384615385
0 0.5330810546875 0.7477564102564103 0.022216796875 0.11282051282051282
0 0.45263671875 0.6211538461538462 0.02197265625 0.11987179487179488
0 0.287841796875 0.6336538461538461 0.0244140625 0.11858974358974358
0 0.263671875 0.6365384615384615 0.025390625 0.12051282051282051
0 0.682861328125 0.7346153846153847 0.021484375 0.10961538461538461
0 0.6285400390625 0.8766025641025641 0.026123046875 0.1141025641025641
0 0.1597900390625 0.7915064102564102 0.027099609375 0.12467948717948718
0 0.2066650390625 0.49903846153846154 0.029541015625 0.12243589743589743
0 0.51123046875 0.749198717948718 0.021484375 0.11378205128205128
0 0.3350830078125 0.6317307692307692 0.025146484375 0.11987179487179488
0 0.176513671875 0.5 0.0283203125 0.12371794871794872
0 0.66162109375 0.7362179487179488 0.02197265625 0.10833333333333334
0 0.20703125 0.9283653846153846 0.03271484375 0.13044871794871796
0 0.4661865234375 0.7538461538461538 0.024169921875 0.11538461538461539
0 0.3226318359375 0.7737179487179487 0.024658203125 0.12051282051282051
0 0.639892578125 0.7371794871794872 0.02099609375 0.11025641025641025
0 0.4068603515625 0.6246794871794872 0.023681640625 0.12179487179487179
0 0.7044677734375 0.7326923076923076 0.020751953125 0.10897435897435898
0 0.2921142578125 0.9214743589743589 0.025146484375 0.12435897435897436
0 0.6849365234375 0.8727564102564103 0.020751953125 0.11025641025641025
0 0.0673828125 0.6512820512820513 0.02734375 0.12179487179487179
0 0.108154296875 0.9389423076923077 0.02978515625 0.12211538461538461
0 0.4249267578125 0.9028846153846154 0.023681640625 0.11987179487179488
0 0.554931640625 0.7455128205128205 0.0205078125 0.11217948717948718
0 0.575439453125 0.7424679487179487 0.021484375 0.11634615384615385
0 0.038818359375 0.6549679487179487 0.02783203125 0.128525641025641
0 0.272216796875 0.7790064102564103 0.0263671875 0.12083333333333333
0 0.1729736328125 0.9338141025641026 0.033447265625 0.1266025641025641
0 0.597412109375 0.7419871794871795 0.02197265625 0.11282051282051282
0 0.68505859375 0.4721153846153846 0.02001953125 0.1141025641025641
0 0.377197265625 0.7666666666666667 0.02685546875 0.12179487179487179
0 0.43017578125 0.6227564102564103 0.02197265625 0.11987179487179488
0 0.4486083984375 0.9014423076923077 0.022705078125 0.12467948717948718
0 0.8892822265625 0.5899038461538462 0.019775390625 0.10416666666666667
0 0.037353515625 0.5036858974358974 0.02734375 0.12467948717948718
0 0.7076416015625 0.8677884615384616 0.023681640625 0.11314102564102564
0 0.4993896484375 0.6176282051282052 0.021728515625 0.11602564102564103
0 0.91015625 0.5886217948717949 0.0205078125 0.1016025641025641
0 0.2979736328125 0.7772435897435898 0.024658203125 0.11923076923076924
0 0.39892578125 0.9067307692307692 0.02734375 0.12179487179487179
0 0.3697509765625 0.9123397435897436 0.025146484375 0.12083333333333333
0 0.5604248046875 0.8866987179487179 0.020751953125 0.12083333333333333
0 0.0919189453125 0.49919871794871795 0.026611328125 0.1375
0 0.2357177734375 0.49551282051282053 0.027587890625 0.12307692307692308
0 0.52197265625 0.6168269230769231 0.0234375 0.11634615384615385
0 0.24462890625 0.780448717948718 0.0263671875 0.12115384615384615
0 0.1201171875 0.6469551282051282 0.02734375 0.12532051282051282
0 0.14599609375 0.5 0.02978515625 0.12564102564102564
0 0.53955078125 0.8884615384615384 0.01953125 0.11987179487179488
0 0.7066650390625 0.47131410256410255 0.022216796875 0.11378205128205128
0 0.618896484375 0.7392628205128206 0.0205078125 0.11057692307692307
0 0.6636962890625 0.4737179487179487 0.021728515625 0.11666666666666667
0 0.377197265625 0.48541666666666666 0.02392578125 0.1233974358974359
0 0.6627197265625 0.8745192307692308 0.024169921875 0.11185897435897436
0 0.4879150390625 0.47868589743589746 0.025146484375 0.1266025641025641
0 0.70947265625 0.6036858974358974 0.02001953125 0.11057692307692307
0 0.60498046875 0.48509615384615384 0.02197265625 0.10096153846153846
0 0.11767578125 0.49903846153846154 0.0244140625 0.1346153846153846
0 0.148681640625 0.6645833333333333 0.02734375 0.08621794871794872
0 0.9576416015625 0.4592948717948718 0.017333984375 0.10833333333333334
0 0.9381103515625 0.46089743589743587 0.021240234375 0.10833333333333334
0 0.400634765625 0.4841346153846154 0.02197265625 0.12532051282051282
0 0.928466796875 0.8358974358974359 0.01806640625 0.1064102564102564
0 0.3109130859375 0.6328525641025641 0.022216796875 0.11698717948717949
0 0.6900634765625 0.6044871794871794 0.017822265625 0.11025641025641025
0 0.43896484375 0.7589743589743589 0.02685546875 0.11025641025641025
0 0.8323974609375 0.8498397435897436 0.019287109375 0.10993589743589743
0 0.09375 0.6485576923076923 0.02587890625 0.12596153846153846
0 0.968017578125 0.5841346153846154 0.01806640625 0.10673076923076923
0 0.9097900390625 0.8403846153846154 0.018798828125 0.10576923076923077
0 0.01220703125 0.5056089743589743 0.0244140625 0.12596153846153846
0 0.60595703125 0.6097756410256411 0.0205078125 0.11698717948717949
0 0.81787109375 0.7243589743589743 0.01953125 0.10512820512820513
0 0.5858154296875 0.6128205128205129 0.020263671875 0.11346153846153846
0 0.5660400390625 0.6137820512820513 0.019775390625 0.11666666666666667
0 0.4638671875 0.4790064102564103 0.021484375 0.1233974358974359
0 0.26708984375 0.9237179487179488 0.0244140625 0.1282051282051282
0 0.5811767578125 0.8849358974358974 0.019775390625 0.12371794871794872
0 0.9298095703125 0.5865384615384616 0.018798828125 0.10256410256410256
0 0.0120849609375 0.6565705128205128 0.024169921875 0.12980769230769232
0 0.9488525390625 0.5860576923076923 0.019287109375 0.10544871794871795
0 0.94580078125 0.8344551282051282 0.01708984375 0.10865384615384616
0 0.8701171875 0.5918269230769231 0.01806640625 0.10416666666666667
0 0.965087890625 0.8315705128205129 0.0205078125 0.11506410256410256
0 0.6435546875 0.47660256410256413 0.01904296875 0.11602564102564103
0 0.874267578125 0.7166666666666667 0.0224609375 0.1076923076923077
0 0.867919921875 0.46330128205128207 0.01904296875 0.1125
0 0.8697509765625 0.8459935897435897 0.018798828125 0.1092948717948718
0 0.58203125 0.4842948717948718 0.0224609375 0.10384615384615385
0 0.544677734375 0.6158653846153846 0.02197265625 0.11826923076923077
0 0.9534912109375 0.7075320512820513 0.018798828125 0.10416666666666667
0 0.8526611328125 0.8475961538461538 0.017822265625 0.10801282051282052
0 0.7298583984375 0.4740384615384615 0.020751953125 0.11025641025641025
0 0.8541259765625 0.71875 0.016845703125 0.1092948717948718
0 0.7960205078125 0.7282051282051282 0.022216796875 0.1064102564102564
0 0.886962890625 0.46314102564102566 0.0185546875 0.11089743589743589
0 0.219970703125 0.7950320512820512 0.0224609375 0.09519230769230769
0 0.9349365234375 0.7105769230769231 0.017333984375 0.1064102564102564
0 0.9881591796875 0.8285256410256411 0.021728515625 0.11282051282051282
0 0.47265625 0.8979166666666667 0.0244140625 0.12211538461538461
0 0.8353271484375 0.7227564102564102 0.017822265625 0.1076923076923077
0 0.9881591796875 0.5823717948717949 0.021240234375 0.10897435897435898
0 0.1080322265625 0.7964743589743589 0.023193359375 0.12115384615384615
0 0.913818359375 0.46282051282051284 0.0263671875 0.10961538461538461
0 0.0631103515625 0.503525641025641 0.030517578125 0.12692307692307692
0 0.625244140625 0.4798076923076923 0.01708984375 0.11153846153846154
0 0.889892578125 0.847275641025641 0.0185546875 0.09903846153846153
0 0.3216552734375 0.503525641025641 0.035888671875 0.0955128205128205
0 0.85009765625 0.46442307692307694 0.0166015625 0.11089743589743589
0 0.9176025390625 0.7128205128205128 0.017333984375 0.1064102564102564
0 0.9759521484375 0.45753205128205127 0.017822265625 0.10993589743589743
0 0.83056640625 0.4705128205128205 0.02001953125 0.1064102564102564
0 0.9893798828125 0.7059294871794872 0.019775390625 0.11057692307692307
0 0.4241943359375 0.48157051282051283 0.023193359375 0.12724358974358974
0 0.5994873046875 0.8796474358974359 0.016845703125 0.11442307692307692
0 0.9705810546875 0.7059294871794872 0.016357421875 0.10801282051282052
0 0.917724609375 0.46314102564102566 0.01953125 0.1076923076923077
0 0.7254638671875 0.7326923076923076 0.017822265625 0.10833333333333334
0 0.7928466796875 0.47307692307692306 0.020263671875 0.10512820512820513
0 0.77197265625 0.48028846153846155 0.01953125 0.10416666666666667
0 0.9083251953125 0.4641025641025641 0.021240234375 0.11025641025641025
0 0.51806640625 0.8900641025641025 0.021484375 0.11987179487179488
0 0.8125 0.4721153846153846 0.017578125 0.10448717948717949
0 0.79248046875 0.8552884615384615 0.021484375 0.10673076923076923
0 0.27392578125 0.5040064102564102 0.0380859375 0.1016025641025641
0 0.8131103515625 0.8520833333333333 0.018798828125 0.10801282051282052
0 0.4954833984375 0.8951923076923077 0.021240234375 0.11794871794871795
0 0.751220703125 0.4828525641025641 0.02099609375 0.10801282051282052
0 0.409912109375 0.7642628205128205 0.02978515625 0.11314102564102564
0 0.852783203125 0.5921474358974359 0.017578125 0.10673076923076923
0 0.904296875 0.46442307692307694 0.01416015625 0.10961538461538461
0 0.5113525390625 0.48125 0.017822265625 0.12083333333333333
0 0.3531494140625 0.4907051282051282 0.023681640625 0.11666666666666667
0 0.8988037109375 0.7137820512820513 0.018798828125 0.10448717948717949
0 0.530517578125 0.48157051282051283 0.01953125 0.11570512820512821
0 0.7418212890625 0.36698717948717946 0.018310546875 0.09102564102564102
0 0.4443359375 0.4793269230769231 0.0185546875 0.12596153846153846
0 0.9920654296875 0.4578525641025641 0.015869140625 0.11378205128205128
0 0.602783203125 0.8772435897435897 0.01806640625 0.11217948717948718
0 0.55810546875 0.4825320512820513 0.0244140625 0.10865384615384616
0 0.6265869140625 0.6102564102564103 0.019287109375 0.11602564102564103
0 0.5936279296875 0.4863782051282051 0.016845703125 0.0983974358974359
0 0.7332763671875 0.8631410256410257 0.018798828125 0.11282051282051282
0 0.1483154296875 0.6517628205128205 0.031494140625 0.11314102564102564
