0 0.09711413748378729 0.9237060546875 0.036640726329442284 0.103271484375
0 0.9364461738002594 0.9224853515625 0.033073929961089495 0.109619140625
0 0.13618677042801555 0.9202880859375 0.03437094682230869 0.103271484375
0 0.9090466926070039 0.798095703125 0.03858625162127108 0.10693359375
0 0.05917639429312581 0.9246826171875 0.032101167315175094 0.100341796875
0 0.2840466926070039 0.4615478515625 0.027237354085603113 0.081298828125
0 0.311284046692607 0.4637451171875 0.027237354085603113 0.076904296875
0 0.36867704280155644 0.9234619140625 0.0324254215304799 0.108642578125
0 0.9818417639429312 0.799560546875 0.031776913099870296 0.10107421875
0 0.8284695201037614 0.7960205078125 0.033073929961089495 0.107177734375
0 0.29880025940337224 0.920166015625 0.0327496757457847 0.107421875
0 0.10830090791180286 0.6761474609375 0.0311284046692607 0.095458984375
0 0.8634889753566797 0.7965087890625 0.035667963683527884 0.104248046875
0 0.9713035019455253 0.922607421875 0.0327496757457847 0.1083984375
0 0.6240272373540856 0.8004150390625 0.03339818417639429 0.098388671875
0 0.16909857328145267 0.6751708984375 0.02885862516212711 0.096435546875
0 0.7945849546044098 0.79931640625 0.030804150453955903 0.10107421875
0 0.26442931258106356 0.921142578125 0.0314526588845655 0.10595703125
0 0.020428015564202335 0.5584716796875 0.031776913099870296 0.092529296875
0 0.20201037613488976 0.921875 0.0304798962386511 0.103515625
0 0.3544098573281453 0.8026123046875 0.0304798962386511 0.098876953125
0 0.6520752269779507 0.925048828125 0.0324254215304799 0.10498046875
0 0.046206225680933855 0.675048828125 0.030155642023346304 0.095703125
0 0.23038261997405965 0.67578125 0.030155642023346304 0.095703125
0 0.7303826199740596 0.797607421875 0.0314526588845655 0.10546875
0 0.8437094682230869 0.9219970703125 0.029831387808041506 0.108154296875
0 0.4085603112840467 0.559326171875 0.027885862516212712 0.09033203125
0 0.9486057068741893 0.7996826171875 0.03339818417639429 0.102294921875
0 0.6958495460440985 0.7965087890625 0.03437094682230869 0.105712890625
0 0.17169260700389105 0.9193115234375 0.02885862516212711 0.101806640625
0 0.05269130998702983 0.56005859375 0.030804150453955903 0.0888671875
0 0.02756160830090791 0.9222412109375 0.0304798962386511 0.100830078125
0 0.6173800259403373 0.9234619140625 0.033073929961089495 0.106689453125
0 0.3214980544747082 0.8038330078125 0.030155642023346304 0.096435546875
0 0.7477302204928664 0.9224853515625 0.029831387808041506 0.107666015625
0 0.2203307392996109 0.4580078125 0.03858625162127108 0.08642578125
0 0.4178015564202335 0.6728515625 0.032101167315175094 0.10302734375
0 0.4962710765239948 0.9278564453125 0.030804150453955903 0.102783203125
0 0.7790207522697795 0.9234619140625 0.029507133592736705 0.109619140625
0 0.34792477302204927 0.560791015625 0.027885862516212712 0.08837890625
0 0.7154669260700389 0.9224853515625 0.030804150453955903 0.107177734375
0 0.23281452658884566 0.9200439453125 0.027885862516212712 0.103271484375
0 0.1825551232166018 0.45751953125 0.0324254215304799 0.08642578125
0 0.9092088197146563 0.673095703125 0.031776913099870296 0.09912109375
0 0.07733463035019456 0.67626953125 0.030804150453955903 0.0947265625
0 0.28566796368352787 0.5628662109375 0.0304798962386511 0.086669921875
0 0.3216601815823606 0.6746826171875 0.029831387808041506 0.097412109375
0 0.3407911802853437 0.45947265625 0.028534370946822308 0.0859375
0 0.9726005188067445 0.5528564453125 0.03404669260700389 0.099365234375
0 0.14105058365758755 0.6754150390625 0.029182879377431907 0.095947265625
0 0.23022049286640725 0.8037109375 0.029831387808041506 0.095703125
0 0.9035343709468223 0.921142578125 0.029507133592736705 0.10791015625
0 0.16747730220492865 0.804931640625 0.02821011673151751 0.09423828125
0 0.60473411154345 0.6748046875 0.029182879377431907 0.0986328125
0 0.3346303501945525 0.9217529296875 0.0311284046692607 0.107666015625
0 0.4797341115434501 0.673583984375 0.02885862516212711 0.099609375
0 0.6587224383916991 0.7933349609375 0.03339818417639429 0.106689453125
0 0.3785667963683528 0.5594482421875 0.02821011673151751 0.089599609375
0 0.9422827496757458 0.6737060546875 0.0304798962386511 0.098876953125
0 0.046044098573281456 0.8045654296875 0.029182879377431907 0.094970703125
0 0.08479247730220493 0.5596923828125 0.029507133592736705 0.091064453125
0 0.2910181582360571 0.6748046875 0.02885862516212711 0.0966796875
0 0.11608300907911803 0.5601806640625 0.029831387808041506 0.090576171875
0 0.8764591439688716 0.6727294921875 0.0324254215304799 0.099853515625
0 0.7830739299610895 0.6710205078125 0.029182879377431907 0.102294921875
0 0.43142023346303504 0.79638671875 0.03728923476005188 0.109375
0 0.9056420233463035 0.5543212890625 0.0311284046692607 0.096435546875
0 0.4058041504539559 0.45849609375 0.029507133592736705 0.08740234375
0 0.440337224383917 0.5592041015625 0.029182879377431907 0.090576171875
0 0.7628080415045395 0.79833984375 0.030804150453955903 0.1025390625
0 0.25535019455252916 0.5614013671875 0.02885862516212711 0.088134765625
0 0.2911802853437095 0.802978515625 0.028534370946822308 0.095703125
0 0.25567444876783396 0.4583740234375 0.02885862516212711 0.086181640625
0 0.556420233463035 0.925537109375 0.028534370946822308 0.10205078125
0 0.31760700389105057 0.5621337890625 0.029507133592736705 0.088623046875
0 0.19844357976653695 0.675537109375 0.0311284046692607 0.09521484375
0 0.4727626459143969 0.5596923828125 0.0304798962386511 0.091552734375
0 0.8106355382619974 0.92431640625 0.031776913099870296 0.10693359375
0 0.383916990920882 0.6727294921875 0.031776913099870296 0.102783203125
0 0.5419909208819714 0.674072265625 0.02885862516212711 0.09912109375
0 0.6914721141374838 0.5565185546875 0.02821011673151751 0.092529296875
0 0.4724383916990921 0.796142578125 0.038910505836575876 0.111328125
0 0.6021400778210116 0.556640625 0.028534370946822308 0.09521484375
0 0.9758430609597925 0.67333984375 0.03404669260700389 0.1005859375
0 0.19747081712062256 0.804443359375 0.029831387808041506 0.0947265625
0 0.5873865110246433 0.802001953125 0.03404669260700389 0.09716796875
0 0.8440337224383917 0.673583984375 0.029182879377431907 0.0986328125
0 0.07749675745784695 0.8046875 0.029182879377431907 0.09326171875
0 0.753242542153048 0.670654296875 0.029182879377431907 0.10205078125
0 0.871757457846952 0.5572509765625 0.0314526588845655 0.093505859375
0 0.683852140077821 0.921142578125 0.029182879377431907 0.1064453125
0 0.939526588845655 0.553955078125 0.0327496757457847 0.0966796875
0 0.5504215304798963 0.80126953125 0.0327496757457847 0.1015625
0 0.3732166018158236 0.4588623046875 0.031776913099870296 0.088134765625
0 0.3526264591439689 0.673095703125 0.029507133592736705 0.10107421875
0 0.6319714656290532 0.556640625 0.028534370946822308 0.09423828125
0 0.14899481193255512 0.4605712890625 0.0327496757457847 0.082275390625
0 0.7804798962386511 0.5567626953125 0.029182879377431907 0.092041015625
0 0.260538261997406 0.6749267578125 0.02885862516212711 0.094970703125
0 0.4038586251621271 0.923828125 0.0314526588845655 0.10693359375
0 0.016050583657587547 0.6746826171875 0.02821011673151751 0.094970703125
0 0.39072632944228275 0.79638671875 0.03631647211413749 0.109375
0 0.666018158236057 0.6748046875 0.027885862516212712 0.09765625
0 0.5654993514915694 0.4542236328125 0.028534370946822308 0.082763671875
0 0.7213035019455253 0.5570068359375 0.02821011673151751 0.093505859375
0 0.5718223086900129 0.5572509765625 0.02821011673151751 0.093505859375
0 0.5160505836575876 0.7991943359375 0.0327496757457847 0.102294921875
0 0.015402075226977952 0.8043212890625 0.02821011673151751 0.095947265625
0 0.6352140077821011 0.67431640625 0.027885862516212712 0.0986328125
0 0.6841763942931258 0.451416015625 0.029182879377431907 0.08056640625
0 0.7154669260700389 0.451416015625 0.02885862516212711 0.078125
0 0.7464332036316472 0.450927734375 0.029182879377431907 0.07763671875
0 0.8103112840466926 0.5579833984375 0.027885862516212712 0.091552734375
0 0.260538261997406 0.802978515625 0.02821011673151751 0.0947265625
0 0.5421530479896238 0.5574951171875 0.027885862516212712 0.093017578125
0 0.6963359273670557 0.6737060546875 0.02821011673151751 0.098388671875
0 0.5103761348897535 0.6744384765625 0.029182879377431907 0.096923828125
0 0.8143644617380026 0.6732177734375 0.02885862516212711 0.098876953125
0 0.4495784695201038 0.672607421875 0.029507133592736705 0.10302734375
0 0.8404669260700389 0.451416015625 0.027237354085603113 0.080078125
0 0.10603112840466926 0.8026123046875 0.028534370946822308 0.096923828125
0 0.6548313878080415 0.451416015625 0.029507133592736705 0.080078125
0 0.5727950713359273 0.675048828125 0.02821011673151751 0.09765625
0 0.4340142671854734 0.9241943359375 0.02885862516212711 0.109130859375
0 0.8681906614785992 0.451171875 0.026913099870298315 0.08056640625
0 0.6246757457846952 0.4521484375 0.030155642023346304 0.0810546875
0 0.9293125810635539 0.4520263671875 0.029182879377431907 0.079345703125
0 0.4649805447470817 0.927978515625 0.029182879377431907 0.10400390625
0 0.7772373540856031 0.4517822265625 0.027237354085603113 0.078369140625
0 0.22551880674448768 0.5611572265625 0.032101167315175094 0.091552734375
0 0.4704928664072633 0.45849609375 0.0324254215304799 0.08544921875
0 0.14964332036316472 0.5604248046875 0.03339818417639429 0.093505859375
0 0.5108625162127107 0.5582275390625 0.030155642023346304 0.093017578125
0 0.5071335927367056 0.4549560546875 0.0311284046692607 0.083740234375
0 0.5363164721141375 0.454833984375 0.028534370946822308 0.08251953125
0 0.5946822308690013 0.4534912109375 0.027885862516212712 0.082275390625
0 0.6613164721141375 0.556640625 0.02821011673151751 0.09375
0 0.8404669260700389 0.55810546875 0.029182879377431907 0.091796875
0 0.13829442282749677 0.805419921875 0.02885862516212711 0.09375
0 0.8988326848249028 0.451416015625 0.029831387808041506 0.080078125
0 0.8727302204928664 0.9217529296875 0.02821011673151751 0.105224609375
0 0.9619001297016861 0.451171875 0.0314526588845655 0.07958984375
0 0.4380674448767834 0.458740234375 0.0304798962386511 0.08642578125
0 0.5273994811932555 0.9249267578125 0.026913099870298315 0.102294921875
0 0.7512970168612192 0.5567626953125 0.028534370946822308 0.093017578125
