0 0.2180609597924773 0.921630859375 0.032101167315175094 0.107421875
0 0.14980544747081712 0.924072265625 0.03372243839169909 0.1015625
0 0.08025291828793775 0.921875 0.0327496757457847 0.10498046875
0 0.18466277561608302 0.9219970703125 0.0327496757457847 0.105712890625
0 0.9242866407263295 0.923828125 0.03404669260700389 0.11083984375
0 0.8584630350194552 0.92431640625 0.030155642023346304 0.10791015625
0 0.04571984435797665 0.9244384765625 0.031776913099870296 0.100341796875
0 0.8907263294422828 0.9232177734375 0.0311284046692607 0.110595703125
0 0.8438715953307393 0.80029296875 0.0327496757457847 0.103515625
0 0.11527237354085604 0.9224853515625 0.0327496757457847 0.103759765625
0 0.38035019455252916 0.9285888671875 0.033073929961089495 0.103759765625
0 0.6948767833981842 0.9266357421875 0.03437094682230869 0.106689453125
0 0.556420233463035 0.927734375 0.0311284046692607 0.1005859375
0 0.6561284046692607 0.92431640625 0.03599221789883268 0.1083984375
0 0.7962062256809338 0.9271240234375 0.032101167315175094 0.106201171875
0 0.5207522697795072 0.928466796875 0.03372243839169909 0.10400390625
0 0.8086900129701686 0.800048828125 0.033073929961089495 0.103515625
0 0.07003891050583658 0.556640625 0.0311284046692607 0.09130859375
0 0.41893644617380027 0.927734375 0.033073929961089495 0.10595703125
0 0.6199740596627756 0.926513671875 0.0311284046692607 0.10107421875
0 0.9709792477302205 0.79931640625 0.035343709468223086 0.1025390625
0 0.251621271076524 0.9229736328125 0.0311284046692607 0.105224609375
0 0.7749675745784695 0.802001953125 0.0304798962386511 0.10107421875
0 0.374189364461738 0.7989501953125 0.03696498054474708 0.108642578125
0 0.2850194552529183 0.924560546875 0.031776913099870296 0.10498046875
0 0.0941958495460441 0.675048828125 0.02885862516212711 0.09521484375
0 0.24627107652399483 0.80322265625 0.029507133592736705 0.09765625
0 0.5038910505836576 0.80078125 0.03372243839169909 0.1025390625
0 0.30496108949416345 0.46630859375 0.024319066147859923 0.072265625
0 0.03988326848249027 0.5567626953125 0.029182879377431907 0.091064453125
0 0.1835278858625162 0.802734375 0.029182879377431907 0.0966796875
0 0.27350843060959795 0.561279296875 0.032101167315175094 0.08642578125
0 0.743514915693904 0.801513671875 0.029831387808041506 0.1005859375
0 0.3975356679636835 0.5595703125 0.029182879377431907 0.09130859375
0 0.4048313878080415 0.6734619140625 0.030155642023346304 0.100341796875
0 0.72973411154345 0.926025390625 0.0314526588845655 0.10693359375
0 0.015077821011673152 0.922119140625 0.02821011673151751 0.10009765625
0 0.45217250324254216 0.929931640625 0.030155642023346304 0.1025390625
0 0.5737678339818417 0.802978515625 0.03339818417639429 0.09716796875
0 0.30642023346303504 0.5609130859375 0.0304798962386511 0.087646484375
0 0.30755512321660183 0.8031005859375 0.02885862516212711 0.097412109375
0 0.3164721141374838 0.9271240234375 0.027885862516212712 0.098876953125
0 0.7628080415045395 0.9244384765625 0.0314526588845655 0.108154296875
0 0.3409533073929961 0.6737060546875 0.0327496757457847 0.100830078125
0 0.9066147859922179 0.7994384765625 0.029831387808041506 0.101806640625
0 0.4158560311284047 0.799072265625 0.037937743190661476 0.10791015625
0 0.8284695201037614 0.923828125 0.028534370946822308 0.10888671875
0 0.5382619974059663 0.8018798828125 0.031776913099870296 0.100830078125
0 0.0327496757457847 0.673583984375 0.029831387808041506 0.09765625
0 0.48476005188067445 0.92919921875 0.0324254215304799 0.10400390625
0 0.6100843060959793 0.8038330078125 0.03469520103761349 0.096923828125
0 0.3670557717250324 0.5595703125 0.028534370946822308 0.0888671875
0 0.3735408560311284 0.6728515625 0.0304798962386511 0.10302734375
0 0.064526588845655 0.674560546875 0.029831387808041506 0.0966796875
0 0.8970492866407264 0.55712890625 0.032101167315175094 0.09716796875
0 0.10262645914396887 0.5567626953125 0.030804150453955903 0.091064453125
0 0.4661154345006485 0.6748046875 0.030155642023346304 0.09716796875
0 0.17120622568093385 0.5577392578125 0.035667963683527884 0.091552734375
0 0.24140726329442283 0.5604248046875 0.029507133592736705 0.086181640625
0 0.2174124513618677 0.6744384765625 0.030155642023346304 0.096923828125
0 0.4286640726329442 0.5589599609375 0.027885862516212712 0.092041015625
0 0.4651426718547341 0.801025390625 0.036640726329442284 0.103515625
0 0.8681906614785992 0.67529296875 0.030155642023346304 0.09521484375
0 0.6780155642023347 0.5582275390625 0.027885862516212712 0.095947265625
0 0.031939040207522695 0.802001953125 0.030155642023346304 0.09619140625
0 0.6807717250324254 0.8013916015625 0.02885862516212711 0.101318359375
0 0.15304798962386512 0.8021240234375 0.028534370946822308 0.096923828125
0 0.7083333333333334 0.55810546875 0.030155642023346304 0.09619140625
0 0.20865758754863814 0.55859375 0.03404669260700389 0.0888671875
0 0.1261348897535668 0.6749267578125 0.0311284046692607 0.094482421875
0 0.21498054474708173 0.8028564453125 0.029831387808041506 0.096923828125
0 0.3315499351491569 0.4598388671875 0.02756160830090791 0.084228515625
0 0.2786964980544747 0.4642333984375 0.02756160830090791 0.076416015625
0 0.46125162127107655 0.5579833984375 0.0327496757457847 0.093505859375
0 0.2773994811932555 0.80322265625 0.02885862516212711 0.09619140625
0 0.1566147859922179 0.674072265625 0.028534370946822308 0.095703125
0 0.9369325551232166 0.7978515625 0.030804150453955903 0.1025390625
0 0.33771076523994814 0.5596923828125 0.02821011673151751 0.087646484375
0 0.3463035019455253 0.9268798828125 0.028534370946822308 0.102294921875
0 0.9197470817120622 0.4539794921875 0.0327496757457847 0.082275390625
0 0.9675745784695201 0.6756591796875 0.033073929961089495 0.097412109375
0 0.6183527885862516 0.5577392578125 0.029182879377431907 0.095458984375
0 0.09225032425421531 0.8035888671875 0.02821011673151751 0.094970703125
0 0.9299610894941635 0.55615234375 0.0304798962386511 0.0966796875
0 0.5585278858625162 0.557373046875 0.02821011673151751 0.09326171875
0 0.6467250324254216 0.7998046875 0.03339818417639429 0.10546875
0 0.5288586251621271 0.5572509765625 0.027237354085603113 0.093017578125
0 0.435473411154345 0.673828125 0.027885862516212712 0.09912109375
0 0.9578469520103762 0.454833984375 0.03696498054474708 0.08203125
0 0.39250972762645914 0.4583740234375 0.030155642023346304 0.088134765625
0 0.4982166018158236 0.5574951171875 0.030155642023346304 0.093017578125
0 0.8026913099870299 0.6751708984375 0.030804150453955903 0.097900390625
0 0.8354409857328146 0.6749267578125 0.0314526588845655 0.096923828125
0 0.1856355382619974 0.67431640625 0.029507133592736705 0.0947265625
0 0.6204604409857328 0.6746826171875 0.02756160830090791 0.098876953125
0 0.13537613488975356 0.5582275390625 0.03404669260700389 0.090576171875
0 0.24789234760051881 0.674072265625 0.030155642023346304 0.095703125
0 0.1228923476005188 0.803955078125 0.029831387808041506 0.09423828125
0 0.7415693904020753 0.6744384765625 0.028534370946822308 0.098876953125
0 0.9593060959792478 0.9256591796875 0.03469520103761349 0.112548828125
0 0.33884565499351493 0.802490234375 0.0304798962386511 0.099609375
0 0.5295071335927367 0.676025390625 0.028534370946822308 0.0947265625
0 0.6762321660181583 0.4522705078125 0.02885862516212711 0.079345703125
0 0.5890077821011673 0.5576171875 0.02821011673151751 0.09423828125
0 0.9019130998702983 0.6746826171875 0.030155642023346304 0.097412109375
0 0.8589494163424124 0.4530029296875 0.026588845654993514 0.080322265625
0 0.2795071335927367 0.6734619140625 0.027885862516212712 0.098388671875
0 0.4260700389105058 0.4583740234375 0.033073929961089495 0.089111328125
0 0.8771076523994812 0.79931640625 0.0304798962386511 0.1015625
0 0.7397859922178989 0.558349609375 0.02885862516212711 0.0947265625
0 0.8881322957198443 0.45361328125 0.029831387808041506 0.08154296875
0 0.5886835278858625 0.9273681640625 0.029507133592736705 0.100830078125
0 0.3085278858625162 0.6737060546875 0.02756160830090791 0.098388671875
0 0.20638780804150453 0.457763671875 0.03728923476005188 0.08349609375
0 0.5272373540856031 0.454833984375 0.027885862516212712 0.08349609375
0 0.9327172503242542 0.675048828125 0.02885862516212711 0.0986328125
0 0.4980544747081712 0.6754150390625 0.029182879377431907 0.094970703125
0 0.769455252918288 0.558349609375 0.028534370946822308 0.09521484375
0 0.7101167315175098 0.6719970703125 0.028534370946822308 0.102294921875
0 0.5560959792477302 0.4541015625 0.028534370946822308 0.08349609375
0 0.6483463035019456 0.558349609375 0.02756160830090791 0.095703125
0 0.4602788586251621 0.4595947265625 0.0327496757457847 0.084228515625
0 0.7386511024643321 0.4527587890625 0.029831387808041506 0.079345703125
0 0.5599870298313878 0.6756591796875 0.027237354085603113 0.094482421875
0 0.7714007782101168 0.675048828125 0.027885862516212712 0.09814453125
0 0.5901426718547341 0.6749267578125 0.027237354085603113 0.097412109375
0 0.681420233463035 0.6719970703125 0.026913099870298315 0.104248046875
0 0.8626783398184177 0.55908203125 0.032101167315175094 0.09423828125
0 0.16958495460440987 0.4566650390625 0.03501945525291829 0.083740234375
0 0.24627107652399483 0.4595947265625 0.0327496757457847 0.082763671875
0 0.020265888456549936 0.4552001953125 0.0314526588845655 0.087646484375
0 0.8305771725032426 0.4530029296875 0.02756160830090791 0.080322265625
0 0.6447795071335928 0.452392578125 0.02885862516212711 0.08056640625
0 0.6155966277561609 0.453125 0.02885862516212711 0.0810546875
0 0.9636835278858625 0.5560302734375 0.03372243839169909 0.098388671875
0 0.7063878080415046 0.4521484375 0.030155642023346304 0.0791015625
0 0.585603112840467 0.45361328125 0.027885862516212712 0.08203125
0 0.6520752269779507 0.6737060546875 0.027885862516212712 0.101806640625
0 0.8309014267185474 0.56005859375 0.02885862516212711 0.09375
0 0.7127107652399481 0.8028564453125 0.029831387808041506 0.099853515625
0 0.7671854734111544 0.452880859375 0.02594033722438392 0.07958984375
0 0.0630674448767834 0.8037109375 0.029507133592736705 0.0927734375
0 0.4965953307392996 0.455078125 0.030155642023346304 0.0849609375
0 0.7989623865110247 0.5599365234375 0.028534370946822308 0.091552734375
0 0.36105706874189364 0.4586181640625 0.029507133592736705 0.087646484375
