1 0.330122 0.843720 0.116983 0.273645
1 0.543920 0.327895 0.151827 0.296385
1 0.696852 0.329989 0.149590 0.295548
1 0.848113 0.333339 0.146240 0.292197
1 0.085928 0.843106 0.125983 0.277328
1 0.211502 0.840037 0.120257 0.276100
1 0.387630 0.322454 0.149587 0.307267
1 0.454468 0.844946 0.121890 0.274873
1 0.575952 0.845868 0.117803 0.273030
1 0.705617 0.846174 0.133347 0.273643
1 0.841007 0.848935 0.140707 0.271805
1 0.949953 0.843413 0.100093 0.271805
1 0.089012 0.347990 0.126143 0.241125
1 0.233577 0.319110 0.156287 0.300580
