1 0.534973 0.570539 0.100780 0.214542
1 0.553682 0.830493 0.105303 0.164735
1 0.652200 0.823466 0.095613 0.150682
1 0.750718 0.836306 0.104010 0.164737
1 0.858280 0.839456 0.107240 0.162312
1 0.954860 0.836547 0.087213 0.150685
1 0.634588 0.573736 0.115510 0.213962
1 0.734593 0.573155 0.113960 0.211635
1 0.834597 0.592633 0.123260 0.169195
1 0.944680 0.596411 0.109307 0.170937
1 0.149918 0.820560 0.097550 0.170065
1 0.246820 0.822497 0.094967 0.171035
1 0.346308 0.821286 0.096257 0.159892
1 0.449672 0.826374 0.100137 0.164253
1 0.103327 0.239187 0.144193 0.248265
1 0.223873 0.244130 0.131013 0.250010
1 0.349848 0.247036 0.120937 0.252337
1 0.476597 0.252269 0.117060 0.248847
1 0.597147 0.254600 0.124040 0.250000
1 0.734362 0.259246 0.134890 0.246522
1 0.856458 0.290063 0.140317 0.194195
1 0.131855 0.552806 0.106983 0.208147
1 0.228372 0.559201 0.107757 0.213962
1 0.332252 0.560945 0.104657 0.209310
1 0.432642 0.567050 0.102330 0.212220
