1 0.346243 0.514199 0.087860 0.131787
1 0.134103 0.245293 0.108533 0.201170
1 0.538758 0.714304 0.076230 0.148262
1 0.442183 0.716485 0.082033 0.153590
1 0.238035 0.710909 0.092383 0.147282
1 0.159220 0.708734 0.093673 0.142933
1 0.342368 0.716485 0.089150 0.134210
1 0.960278 0.524132 0.079443 0.136150
1 0.877915 0.517591 0.089163 0.131788
1 0.792968 0.523405 0.096257 0.134695
1 0.699618 0.520740 0.096903 0.134210
1 0.614343 0.513472 0.085273 0.130335
1 0.527453 0.518804 0.088507 0.134208
1 0.435072 0.518803 0.089797 0.135180
1 0.222865 0.246455 0.107757 0.202335
1 0.316282 0.248490 0.099230 0.202915
1 0.408147 0.250816 0.095353 0.205242
1 0.501173 0.252560 0.095353 0.206405
1 0.591487 0.253723 0.093027 0.206405
1 0.685675 0.255176 0.096903 0.202332
1 0.776378 0.279888 0.110857 0.155240
1 0.875995 0.280178 0.110083 0.155820
1 0.169880 0.498937 0.099487 0.170065
1 0.255477 0.500875 0.094967 0.167160
