1 0.534740 0.325738 0.157760 0.221375
1 0.079025 0.294815 0.120157 0.273890
1 0.212732 0.285537 0.154323 0.285375
1 0.069772 0.846222 0.132317 0.297710
1 0.209903 0.846836 0.134293 0.303048
1 0.839847 0.902558 0.170993 0.192365
1 0.672927 0.899504 0.166920 0.198472
1 0.501933 0.900898 0.158780 0.198205
1 0.348245 0.894924 0.144530 0.207633
1 0.855720 0.696285 0.162567 0.257635
1 0.674775 0.685682 0.154083 0.247030
1 0.506553 0.683033 0.154087 0.245970
1 0.350207 0.676670 0.139947 0.237490
1 0.864682 0.327582 0.169637 0.215140
1 0.868923 0.113250 0.188293 0.226500
1 0.698440 0.114541 0.145887 0.226463
1 0.692502 0.329555 0.147583 0.216285
1 0.367652 0.115814 0.173030 0.231553
1 0.370195 0.329555 0.167937 0.218830
