1 0.391425 0.529504 0.103817 0.221032
1 0.157555 0.548761 0.129497 0.172472
1 0.862515 0.151489 0.137310 0.273777
1 0.739162 0.152745 0.122797 0.276290
1 0.619715 0.150233 0.120563 0.271265
1 0.495802 0.147720 0.125030 0.276290
1 0.374122 0.147721 0.125030 0.274617
1 0.256908 0.146465 0.140657 0.270430
1 0.125738 0.143115 0.150703 0.270430
1 0.630877 0.831750 0.093773 0.214335
1 0.534315 0.829237 0.088190 0.212660
1 0.439427 0.835099 0.094887 0.214332
1 0.342307 0.829656 0.094887 0.211822
1 0.249652 0.828400 0.097123 0.212660
1 0.146392 0.828819 0.107170 0.213497
1 0.911633 0.537040 0.114980 0.219360
1 0.806140 0.535365 0.104933 0.219360
1 0.702323 0.535784 0.109400 0.218522
1 0.595155 0.531599 0.100470 0.213497
1 0.494127 0.529924 0.101587 0.216847
1 0.278118 0.551691 0.122797 0.176657
