1 0.746775 0.243866 0.145583 0.265708
1 0.605673 0.250582 0.140313 0.259895
1 0.466520 0.253781 0.136440 0.253497
1 0.320002 0.251746 0.148843 0.268032
1 0.901378 0.231396 0.166677 0.276172
1 0.783333 0.840345 0.164433 0.317205
1 0.630347 0.840344 0.154627 0.317207
1 0.477783 0.841178 0.150527 0.317645
1 0.340757 0.837584 0.138253 0.316592
1 0.203728 0.835130 0.145617 0.316595
1 0.069157 0.838505 0.133347 0.313525
1 0.056508 0.264248 0.113017 0.255825
1 0.181617 0.259886 0.143433 0.262222
1 0.929767 0.840958 0.138253 0.315980
