1 0.424512 0.210179 0.164770 0.323512
1 0.776827 0.200132 0.199600 0.351645
1 0.598662 0.210179 0.164770 0.323512
1 0.254385 0.210682 0.164770 0.312460
1 0.085597 0.207667 0.170127 0.306430
1 0.842643 0.895170 0.143980 0.209660
1 0.682302 0.882066 0.153797 0.211678
1 0.526043 0.875624 0.150513 0.204928
1 0.373478 0.863966 0.151343 0.208607
1 0.221727 0.857831 0.143980 0.197563
1 0.078565 0.848321 0.153797 0.195722
1 0.864355 0.674404 0.160997 0.254748
1 0.692560 0.666672 0.151180 0.248120
1 0.532545 0.658943 0.160997 0.241495
1 0.369585 0.653051 0.155103 0.237077
1 0.213505 0.647898 0.155123 0.235605
1 0.073862 0.640904 0.147723 0.233397
