1 0.695755 0.530189 0.107757 0.240708
1 0.823280 0.532805 0.124040 0.245940
1 0.100070 0.156510 0.155047 0.288385
1 0.226185 0.158475 0.138363 0.292455
1 0.361322 0.157091 0.133337 0.291872
1 0.491558 0.154475 0.127137 0.297105
1 0.629938 0.150405 0.137217 0.299430
1 0.781100 0.150986 0.152733 0.301758
1 0.105032 0.524955 0.127910 0.239545
1 0.935295 0.557224 0.127923 0.199428
1 0.170538 0.825840 0.113183 0.208730
1 0.282558 0.829910 0.118610 0.213380
1 0.396518 0.832526 0.107757 0.210473
1 0.514350 0.832817 0.106207 0.208730
1 0.628698 0.836305 0.110083 0.208730
1 0.754283 0.837760 0.111633 0.209310
1 0.873282 0.859564 0.137217 0.199428
1 0.227130 0.520885 0.127140 0.233730
1 0.349617 0.527281 0.125587 0.238382
1 0.467450 0.524374 0.113180 0.236058
1 0.580245 0.526990 0.107757 0.237800
