1 0.493497 0.463732 0.098453 0.147680
1 0.033803 0.690290 0.066127 0.140095
1 0.110428 0.687426 0.084537 0.139582
1 0.199735 0.692284 0.094077 0.141117
1 0.292450 0.694841 0.089987 0.141117
1 0.381415 0.692284 0.085217 0.143163
1 0.475833 0.691517 0.083173 0.141630
1 0.565480 0.681546 0.092033 0.168727
1 0.660922 0.683847 0.090670 0.175375
1 0.120292 0.185384 0.119083 0.168147
1 0.230060 0.187476 0.113493 0.166753
1 0.337972 0.185034 0.111630 0.168842
1 0.449603 0.184336 0.111633 0.171637
1 0.560307 0.183987 0.109773 0.173730
1 0.671010 0.181545 0.107913 0.175820
1 0.788230 0.178056 0.119060 0.175822
1 0.909623 0.175266 0.121867 0.178613
1 0.090380 0.442510 0.121713 0.185475
1 0.190772 0.441929 0.105430 0.184313
1 0.293102 0.441638 0.111630 0.182565
1 0.393495 0.462279 0.096903 0.144772
1 0.592727 0.465185 0.100007 0.144775
1 0.698545 0.465768 0.106983 0.151750
1 0.805138 0.466349 0.110857 0.154078
1 0.915220 0.468384 0.117060 0.154657
1 0.082628 0.882935 0.086050 0.126750
1 0.163252 0.884680 0.072097 0.124425
1 0.242325 0.889040 0.078297 0.130820
1 0.321397 0.893693 0.079847 0.136635
1 0.410937 0.892529 0.082173 0.131982
1 0.497373 0.893110 0.087600 0.127330
1 0.582262 0.894564 0.077523 0.124423
1 0.669862 0.895436 0.082177 0.129658
1 0.759012 0.898054 0.080623 0.127913
1 0.845838 0.906774 0.075970 0.130238
