1 0.426813 0.411620 0.113867 0.241125
1 0.315180 0.413714 0.122793 0.245312
1 0.202430 0.412876 0.133960 0.246987
1 0.636493 0.871942 0.099813 0.209835
1 0.531367 0.867648 0.097353 0.209835
1 0.426645 0.875625 0.102243 0.212290
1 0.325212 0.872249 0.108803 0.215357
1 0.051977 0.651676 0.064627 0.100622
1 0.107197 0.652598 0.063807 0.102465
1 0.278342 0.163796 0.127263 0.254522
1 0.388857 0.167981 0.111633 0.254522
1 0.537918 0.222153 0.088377 0.138960
1 0.615442 0.208197 0.077523 0.165705
1 0.752217 0.412458 0.114967 0.244475
1 0.641707 0.411620 0.101587 0.242800
1 0.532305 0.412458 0.110517 0.244475
