1 0.069092 0.515941 0.094997 0.133588
1 0.164935 0.516578 0.106870 0.134860
1 0.260782 0.516578 0.088210 0.137405
1 0.352383 0.519122 0.094993 0.132315
1 0.071637 0.643804 0.089907 0.127227
1 0.786650 0.859452 0.084820 0.148855
1 0.696743 0.853727 0.084820 0.145040
1 0.609380 0.848639 0.083120 0.145038
1 0.526258 0.850548 0.076337 0.146310
1 0.440593 0.851184 0.081427 0.147582
1 0.353232 0.851184 0.083123 0.147582
1 0.270958 0.843550 0.081423 0.142495
1 0.183597 0.845457 0.086513 0.146310
1 0.091145 0.848638 0.088210 0.162850
1 0.803613 0.652710 0.084820 0.129770
1 0.711162 0.650165 0.086517 0.129770
1 0.812095 0.524211 0.088210 0.137403
1 0.712858 0.522304 0.079730 0.133587
1 0.623795 0.646985 0.084810 0.125955
1 0.624647 0.521668 0.086513 0.134860
1 0.534742 0.622812 0.096690 0.171755
1 0.350687 0.647621 0.094993 0.127227
1 0.263325 0.643804 0.086517 0.127227
1 0.165785 0.645713 0.101783 0.128500
1 0.058913 0.178156 0.105173 0.145038
1 0.167480 0.181330 0.105173 0.151390
1 0.264173 0.188333 0.101780 0.145035
1 0.360017 0.185147 0.100087 0.143755
1 0.455013 0.298384 0.096693 0.169213
1 0.069093 0.314924 0.105173 0.125952
1 0.170025 0.316196 0.103477 0.131042
1 0.266717 0.321285 0.093300 0.123410
1 0.545768 0.298384 0.088210 0.166667
1 0.639915 0.197875 0.093297 0.138675
1 0.733215 0.197240 0.096690 0.137405
1 0.826513 0.195967 0.096693 0.134860
1 0.635675 0.325103 0.091603 0.120865
1 0.725582 0.325101 0.088210 0.113232
1 0.818033 0.325102 0.093300 0.123410
1 0.441442 0.625356 0.086517 0.171758
