1 0.832182 0.863245 0.104010 0.209310
1 0.232015 0.521258 0.100470 0.205125
1 0.138057 0.518816 0.106053 0.204427
1 0.913438 0.166126 0.144190 0.272103
1 0.785992 0.167173 0.118143 0.270010
1 0.673428 0.167870 0.116283 0.263035
1 0.555748 0.170313 0.117217 0.263730
1 0.416672 0.170313 0.116283 0.259545
1 0.301783 0.168918 0.115353 0.256755
1 0.191548 0.168917 0.114423 0.252570
1 0.080380 0.169266 0.133960 0.253267
1 0.331552 0.524745 0.102330 0.205125
1 0.428300 0.527189 0.093027 0.204428
1 0.526910 0.529630 0.100467 0.207915
1 0.631100 0.533816 0.106053 0.212102
1 0.730175 0.534514 0.114423 0.213498
1 0.839017 0.538351 0.120007 0.218382
1 0.100238 0.820850 0.094963 0.194290
1 0.190035 0.827391 0.096257 0.196712
1 0.274342 0.831751 0.087857 0.197683
1 0.361877 0.841928 0.092380 0.200590
1 0.452967 0.843864 0.093673 0.198653
1 0.545993 0.847982 0.093673 0.203980
1 0.641282 0.854040 0.094317 0.206405
1 0.731730 0.858159 0.102060 0.207857
