1 0.751337 0.883431 0.128393 0.233138
1 0.277448 0.651743 0.116097 0.252010
1 0.158560 0.650486 0.123913 0.251173
1 0.049718 0.652161 0.098237 0.252848
1 0.509645 0.881148 0.120563 0.235265
1 0.389082 0.882595 0.116097 0.234810
1 0.273540 0.883013 0.119447 0.233975
1 0.152418 0.884496 0.118330 0.230242
1 0.049160 0.881757 0.092653 0.236485
1 0.862962 0.651324 0.132843 0.257872
1 0.741282 0.653417 0.126143 0.257035
1 0.622393 0.653417 0.122793 0.257035
1 0.507412 0.650075 0.113863 0.252000
1 0.390755 0.649649 0.117217 0.249498
1 0.881380 0.271299 0.129493 0.183358
1 0.750213 0.274229 0.137307 0.182517
1 0.617927 0.275066 0.131727 0.185868
1 0.880263 0.095253 0.129493 0.190505
1 0.747980 0.097764 0.135073 0.195527
1 0.616253 0.097345 0.132840 0.194690
1 0.493457 0.250786 0.119447 0.244472
1 0.378475 0.254554 0.112750 0.231917
1 0.262935 0.257484 0.118330 0.231077
1 0.148513 0.256646 0.117213 0.232752
1 0.876358 0.881757 0.135077 0.236485
1 0.629650 0.883431 0.117213 0.233138
