1 0.471072 0.793826 0.118983 0.245617
1 0.592997 0.821655 0.120160 0.175820
1 0.717278 0.823423 0.128403 0.175820
1 0.845683 0.823422 0.114267 0.181120
1 0.330298 0.357810 0.133117 0.222645
1 0.210728 0.387849 0.131937 0.159033
1 0.091748 0.392709 0.122517 0.158148
1 0.203660 0.220423 0.127227 0.197025
1 0.083030 0.227050 0.127227 0.193490
1 0.462237 0.351625 0.123693 0.220880
1 0.579450 0.222190 0.117800 0.184655
1 0.583573 0.386524 0.118980 0.152847
1 0.702552 0.215564 0.121337 0.185537
1 0.825657 0.212913 0.115447 0.185540
1 0.704910 0.380339 0.118980 0.159918
1 0.831547 0.382549 0.122513 0.171402
1 0.087625 0.658559 0.123690 0.190837
1 0.213673 0.660325 0.135473 0.190840
1 0.587695 0.646631 0.120157 0.182888
1 0.709032 0.648840 0.124870 0.185540
1 0.841558 0.646189 0.121337 0.189073
1 0.095872 0.838001 0.124870 0.180237
1 0.217797 0.841094 0.137827 0.179352
1 0.348557 0.795592 0.114267 0.243850
