0 0.5614461738002594 0.8511962890625 0.08138780804150454 0.214599609375
0 0.6438067444876784 0.8544921875 0.08203631647211414 0.21435546875
0 0.7720492866407264 0.2239990234375 0.09987029831387809 0.302978515625
0 0.7260051880674449 0.855712890625 0.07976653696498054 0.216796875
0 0.4085603112840467 0.849853515625 0.07652399481193256 0.20849609375
0 0.32846952010376135 0.5684814453125 0.08106355382619974 0.251708984375
0 0.48394941634241245 0.853271484375 0.07619974059662776 0.21435546875
0 0.5176718547341116 0.5701904296875 0.08852140077821012 0.250244140625
0 0.8644617380025941 0.5679931640625 0.10181582360570687 0.257080078125
0 0.6765564202334631 0.2293701171875 0.10214007782101167 0.295166015625
0 0.3973735408560311 0.2257080078125 0.0930609597924773 0.292236328125
0 0.33138780804150453 0.852783203125 0.07782101167315175 0.21044921875
0 0.7679961089494164 0.5606689453125 0.0917639429312581 0.271240234375
0 0.8651102464332037 0.224365234375 0.10181582360570687 0.298828125
0 0.41131647211413747 0.570068359375 0.07879377431906615 0.24658203125
0 0.48670557717250323 0.226318359375 0.08690012970168612 0.2900390625
0 0.6021400778210116 0.5684814453125 0.08041504539559015 0.251220703125
0 0.2172503242542153 0.2325439453125 0.0933852140077821 0.277099609375
0 0.5740920881971465 0.2303466796875 0.09241245136186771 0.294189453125
0 0.24594682230869 0.5640869140625 0.08138780804150454 0.251708984375
0 0.680609597924773 0.5616455078125 0.08884565499351492 0.273193359375
0 0.8069066147859922 0.8531494140625 0.08527885862516213 0.219482421875
0 0.3041504539559014 0.2264404296875 0.08819714656290532 0.294189453125
0 0.9568741893644618 0.569091796875 0.08625162127107652 0.26220703125
0 0.2525940337224384 0.8553466796875 0.07846952010376135 0.210693359375
0 0.11819066147859922 0.2313232421875 0.11251621271076524 0.293701171875
0 0.8899156939040207 0.851318359375 0.08463035019455253 0.2197265625
0 0.13845654993514916 0.8150634765625 0.07133592736705577 0.138916015625
0 0.9526588845654993 0.2353515625 0.0914396887159533 0.28173828125
0 0.9651426718547341 0.8487548828125 0.06971465629053178 0.218994140625
0 0.1549935149156939 0.563232421875 0.0933852140077821 0.25439453125
0 0.05901426718547341 0.572509765625 0.11024643320363164 0.240234375
