0 0.3150129701686122 0.253662109375 0.11640726329442283 0.34375
0 0.41958495460440987 0.254150390625 0.10505836575875487 0.34130859375
0 0.5204280155642024 0.259033203125 0.10830090791180286 0.33935546875
0 0.63310635538262 0.6456298828125 0.09889753566796368 0.297119140625
0 0.20022697795071337 0.25390625 0.11705577172503243 0.34521484375
0 0.7396238651102465 0.6396484375 0.09792477302204929 0.3095703125
0 0.3411154345006485 0.63818359375 0.10505836575875487 0.2958984375
0 0.5327496757457847 0.6400146484375 0.09987029831387809 0.296630859375
0 0.2141699092088197 0.6246337890625 0.12159533073929961 0.322021484375
0 0.0907911802853437 0.2530517578125 0.11543450064850844 0.343505859375
0 0.622568093385214 0.2608642578125 0.10181582360570687 0.326416015625
0 0.8398184176394293 0.2552490234375 0.12710765239948119 0.341064453125
0 0.8399805447470817 0.6396484375 0.09889753566796368 0.31396484375
0 0.437905317769131 0.6427001953125 0.0937094682230869 0.297607421875
0 0.7217898832684825 0.2601318359375 0.09533073929961089 0.323486328125
0 0.09241245136186771 0.6199951171875 0.10635538261997406 0.320556640625
