0 0.6170557717250325 0.32373046875 0.13748378728923477 0.37060546875
0 0.23557068741893644 0.312255859375 0.1300259403372244 0.37255859375
0 0.7559987029831388 0.3201904296875 0.13780804150453957 0.369384765625
0 0.36202983138780803 0.3179931640625 0.13132295719844359 0.367431640625
0 0.489461738002594 0.3189697265625 0.13456549935149156 0.369873046875
0 0.19633592736705577 0.7684326171875 0.12872892347600517 0.408447265625
0 0.8913748378728924 0.325927734375 0.14396887159533073 0.3623046875
0 0.9166666666666666 0.7906494140625 0.1219195849546044 0.352294921875
0 0.3098249027237354 0.7708740234375 0.12872892347600517 0.409423828125
0 0.10797665369649806 0.3160400390625 0.12905317769131 0.360595703125
0 0.07976653696498054 0.7686767578125 0.1245136186770428 0.411865234375
0 0.42136835278858625 0.7757568359375 0.11121919584954604 0.396240234375
0 0.7996108949416343 0.7828369140625 0.11219195849546044 0.372314453125
