0 0.23443579766536965 0.81884765625 0.11348897535667964 0.36181640625
0 0.684662775616083 0.82080078125 0.11770428015564202 0.3583984375
0 0.7405966277561609 0.3564453125 0.1297016861219196 0.4248046875
0 0.12143320363164721 0.8182373046875 0.1228923476005188 0.358154296875
0 0.6191634241245136 0.3575439453125 0.12159533073929961 0.430419921875
0 0.37937743190661477 0.3563232421875 0.11867704280155641 0.424072265625
0 0.13326848249027237 0.3585205078125 0.12905317769131 0.424072265625
0 0.5711738002594033 0.8192138671875 0.10927367055771725 0.357666015625
0 0.3454928664072633 0.817626953125 0.10927367055771725 0.357421875
0 0.45638780804150453 0.8211669921875 0.10667963683527885 0.352294921875
0 0.9161802853437094 0.8223876953125 0.1293774319066148 0.354248046875
0 0.2525940337224384 0.361083984375 0.122568093385214 0.4150390625
0 0.8578145265888456 0.3624267578125 0.13132295719844359 0.413330078125
0 0.8010700389105059 0.822509765625 0.11770428015564202 0.353515625
0 0.4969195849546044 0.357421875 0.11964980544747082 0.4248046875
