0 0.48443579766536965 0.760009765625 0.14137483787289234 0.35205078125
0 0.7070363164721142 0.2342529296875 0.17671854734111545 0.458740234375
0 0.23330090791180286 0.2320556640625 0.17801556420233464 0.464111328125
0 0.38861867704280156 0.23291015625 0.1553177691309987 0.4658203125
0 0.5457198443579766 0.2618408203125 0.1549935149156939 0.405029296875
0 0.8581387808041504 0.2825927734375 0.1929312581063554 0.381103515625
0 0.6447795071335928 0.7491455078125 0.17347600518806744 0.377197265625
0 0.3427367055771725 0.7685546875 0.14137483787289234 0.33837890625
0 0.20087548638132297 0.7769775390625 0.1559662775616083 0.328369140625
0 0.06760700389105058 0.7685546875 0.13391699092088197 0.302734375
0 0.8372243839169909 0.758056640625 0.21141374837872892 0.38427734375
