0 0.7905317769130998 0.6318359375 0.08365758754863813 0.1982421875
0 0.38764591439688717 0.641845703125 0.06971465629053178 0.1923828125
0 0.2496757457846952 0.634765625 0.07522697795071336 0.19873046875
0 0.5251297016861219 0.6336669921875 0.06647211413748379 0.200927734375
0 0.11057068741893644 0.6304931640625 0.09014267185473411 0.206298828125
0 0.7589169909208819 0.3555908203125 0.09889753566796368 0.253173828125
0 0.1820687418936446 0.631103515625 0.08527885862516213 0.205078125
0 0.31712062256809337 0.634521484375 0.07133592736705577 0.19970703125
0 0.8310635538261998 0.360107421875 0.10246433203631647 0.25048828125
0 0.6616407263294423 0.6326904296875 0.07036316472114137 0.197998046875
0 0.5922503242542153 0.6337890625 0.06841763942931259 0.2001953125
0 0.4570363164721141 0.6363525390625 0.06712062256809338 0.201416015625
0 0.6853112840466926 0.3592529296875 0.08527885862516213 0.253662109375
0 0.8586251621271076 0.630126953125 0.08300907911802853 0.19384765625
0 0.919260700389105 0.630126953125 0.08625162127107652 0.19775390625
0 0.04134241245136187 0.632568359375 0.08268482490272373 0.205078125
0 0.9051556420233463 0.3646240234375 0.10408560311284047 0.246337890625
0 0.60878728923476 0.3563232421875 0.07944228274967574 0.255615234375
0 0.5306420233463035 0.367919921875 0.07684824902723736 0.23974609375
0 0.23005836575875485 0.3692626953125 0.08073929961089495 0.240966796875
0 0.728112840466926 0.63134765625 0.07490272373540856 0.19775390625
0 0.37986381322957197 0.368896484375 0.07360570687418937 0.2412109375
0 0.15239948119325553 0.36474609375 0.08236057068741894 0.24853515625
0 0.30512321660181585 0.3758544921875 0.07522697795071336 0.225830078125
0 0.45330739299610895 0.3717041015625 0.07392996108949416 0.234130859375
0 0.07295719844357977 0.364501953125 0.0914396887159533 0.2509765625
0 0.9633592736705577 0.3662109375 0.07328145265888457 0.24951171875
