0 0.42412451361867703 0.824462890625 0.07133592736705577 0.22607421875
0 0.35132944228274965 0.8262939453125 0.07295719844357977 0.224853515625
0 0.1815823605706874 0.5068359375 0.07717250324254216 0.23828125
0 0.8535992217898832 0.819580078125 0.07166018158236057 0.21923828125
0 0.2793450064850843 0.8272705078125 0.07230869001297018 0.223388671875
0 0.20492866407263294 0.8287353515625 0.07457846952010376 0.222412109375
0 0.49513618677042803 0.822998046875 0.07068741893644617 0.2275390625
0 0.705739299610895 0.5091552734375 0.08073929961089495 0.226318359375
0 0.25632295719844356 0.5072021484375 0.07360570687418937 0.236572265625
0 0.10489623865110247 0.505615234375 0.07749675745784695 0.23876953125
0 0.7866407263294423 0.510498046875 0.07522697795071336 0.22509765625
0 0.7128728923476005 0.822509765625 0.07036316472114137 0.2275390625
0 0.6392671854734111 0.8258056640625 0.07230869001297018 0.223388671875
0 0.566958495460441 0.8226318359375 0.07101167315175097 0.227294921875
0 0.13164721141374838 0.82763671875 0.07198443579766536 0.2236328125
0 0.33009079118028534 0.5064697265625 0.07133592736705577 0.232666015625
0 0.7833981841763943 0.822998046875 0.06809338521400778 0.21826171875
0 0.47470817120622566 0.505615234375 0.06874189364461739 0.23486328125
0 0.8620298313878081 0.5101318359375 0.07295719844357977 0.225830078125
0 0.9276913099870299 0.819580078125 0.06939040207522698 0.21826171875
0 0.40142671854734113 0.505126953125 0.07328145265888457 0.23291015625
0 0.7741569390402075 0.1717529296875 0.07295719844357977 0.240966796875
0 0.6966601815823605 0.1683349609375 0.07490272373540856 0.240478515625
0 0.3114461738002594 0.1617431640625 0.07749675745784695 0.243896484375
0 0.05966277561608301 0.818359375 0.07198443579766536 0.24169921875
0 0.6181906614785992 0.5054931640625 0.07166018158236057 0.230224609375
0 0.5460440985732814 0.506103515625 0.07068741893644617 0.232421875
0 0.23313878080415046 0.1591796875 0.07522697795071336 0.24609375
0 0.39267185473411154 0.1602783203125 0.07522697795071336 0.246826171875
0 0.8464656290531777 0.17138671875 0.07166018158236057 0.23779296875
0 0.1546692607003891 0.159912109375 0.08171206225680934 0.24169921875
0 0.940337224383917 0.5106201171875 0.08106355382619974 0.226318359375
0 0.4687094682230869 0.1597900390625 0.07490272373540856 0.250244140625
0 0.6202983138780804 0.16455078125 0.07263294422827497 0.240234375
0 0.5457198443579766 0.1612548828125 0.07457846952010376 0.244873046875
0 0.07717250324254216 0.1578369140625 0.07133592736705577 0.246337890625
0 0.9226653696498055 0.1680908203125 0.07166018158236057 0.238525390625
0 0.032101167315175094 0.506103515625 0.06355382619974059 0.22900390625
