0 0.7696173800259404 0.5472412109375 0.07490272373540856 0.219482421875
0 0.47405966277561606 0.542724609375 0.07263294422827497 0.2236328125
0 0.13942931258106356 0.8310546875 0.07068741893644617 0.20068359375
0 0.8458171206225681 0.5458984375 0.07619974059662776 0.23046875
0 0.1828793774319066 0.5330810546875 0.07328145265888457 0.233154296875
0 0.11040856031128404 0.5347900390625 0.07230869001297018 0.229248046875
0 0.20881971465629054 0.8299560546875 0.07263294422827497 0.209228515625
0 0.08803501945525292 0.1962890625 0.07879377431906615 0.24658203125
0 0.40158884565499353 0.5426025390625 0.07036316472114137 0.222412109375
0 0.47373540856031127 0.198486328125 0.07782101167315175 0.2470703125
0 0.6939040207522698 0.5445556640625 0.07392996108949416 0.222900390625
0 0.2827496757457847 0.8287353515625 0.07263294422827497 0.210205078125
0 0.16747730220492865 0.1954345703125 0.07555123216601815 0.246826171875
0 0.25535019455252916 0.5401611328125 0.07360570687418937 0.219970703125
0 0.6287289234760052 0.195556640625 0.07717250324254216 0.25146484375
0 0.9212062256809338 0.5440673828125 0.07652399481193256 0.231689453125
0 0.3967250324254215 0.1943359375 0.07425421530479896 0.24755859375
0 0.5512321660181583 0.19580078125 0.07911802853437094 0.2509765625
0 0.5470168612191959 0.5382080078125 0.07133592736705577 0.226806640625
0 0.06857976653696499 0.827392578125 0.07295719844357977 0.203125
0 0.7080090791180286 0.1964111328125 0.07944228274967574 0.253173828125
0 0.32928015564202334 0.5423583984375 0.07166018158236057 0.223388671875
0 0.7728599221789884 0.8316650390625 0.06971465629053178 0.212158203125
0 0.6194876783398184 0.54052734375 0.07166018158236057 0.2275390625
0 0.03858625162127108 0.533203125 0.07587548638132295 0.228515625
0 0.3558690012970169 0.830810546875 0.07230869001297018 0.2109375
0 0.2444876783398184 0.1937255859375 0.07392996108949416 0.247314453125
0 0.3232814526588846 0.1953125 0.07457846952010376 0.2490234375
0 0.7853437094682231 0.1966552734375 0.07198443579766536 0.252197265625
0 0.8433852140077821 0.8369140625 0.07392996108949416 0.2099609375
0 0.8626783398184177 0.194580078125 0.07814526588845655 0.25634765625
0 0.4255836575875486 0.8199462890625 0.06776913099870298 0.232177734375
0 0.9101815823605707 0.833984375 0.06679636835278858 0.2119140625
0 0.7029831387808041 0.8282470703125 0.06809338521400778 0.221923828125
0 0.943579766536965 0.1961669921875 0.08300907911802853 0.253173828125
0 0.562905317769131 0.8236083984375 0.06614785992217899 0.230712890625
0 0.9675745784695201 0.8365478515625 0.0648508430609598 0.209716796875
0 0.631485084306096 0.82470703125 0.0651750972762646 0.22900390625
0 0.49335278858625164 0.8193359375 0.06647211413748379 0.234375
