0 0.521887159533074 0.858642578125 0.09500648508430609 0.21484375
0 0.6170557717250325 0.8565673828125 0.0940337224383917 0.215087890625
0 0.4285019455252918 0.8592529296875 0.0937094682230869 0.215576171875
0 0.1267833981841764 0.5054931640625 0.09922178988326848 0.257080078125
0 0.4038586251621271 0.1884765625 0.09046692607003891 0.28662109375
0 0.7144941634241245 0.8577880859375 0.10149156939040208 0.216552734375
0 0.32879377431906615 0.505126953125 0.08365758754863813 0.25244140625
0 0.41245136186770426 0.5042724609375 0.07846952010376135 0.251708984375
0 0.312905317769131 0.1885986328125 0.0914396887159533 0.281982421875
0 0.21173800259403372 0.5030517578125 0.07976653696498054 0.259033203125
0 0.04555771725032425 0.505615234375 0.08981841763942931 0.2509765625
0 0.061608300907911806 0.86376953125 0.10765239948119326 0.232421875
0 0.497568093385214 0.188720703125 0.09241245136186771 0.28955078125
0 0.9417963683527886 0.23974609375 0.10797665369649806 0.27001953125
0 0.607166018158236 0.5023193359375 0.07944228274967574 0.259521484375
0 0.6909857328145266 0.49560546875 0.08236057068741894 0.25341796875
0 0.5984111543450065 0.172607421875 0.0963035019455253 0.3173828125
0 0.9539559014267186 0.8651123046875 0.08884565499351492 0.259033203125
0 0.6960116731517509 0.16845703125 0.0911154345006485 0.32275390625
0 0.14834630350194553 0.8624267578125 0.07490272373540856 0.225341796875
0 0.9280155642023347 0.5274658203125 0.08560311284046693 0.248291015625
0 0.4912451361867704 0.5030517578125 0.07457846952010376 0.255615234375
0 0.8792153047989624 0.8336181640625 0.07944228274967574 0.214111328125
0 0.8570038910505836 0.533935546875 0.06420233463035019 0.2421875
0 0.10408560311284047 0.1817626953125 0.09727626459143969 0.303466796875
