0 0.7465953307392996 0.8138427734375 0.09824902723735408 0.209228515625
0 0.834792477302205 0.8145751953125 0.07879377431906615 0.201904296875
0 0.3339818417639429 0.5452880859375 0.07587548638132295 0.209228515625
0 0.7748054474708171 0.5579833984375 0.06906614785992218 0.199462890625
0 0.25567444876783396 0.5423583984375 0.07490272373540856 0.208251953125
0 0.9105058365758755 0.8297119140625 0.07587548638132295 0.168212890625
0 0.17979896238651102 0.541015625 0.07619974059662776 0.21044921875
0 0.4785992217898833 0.821533203125 0.08560311284046693 0.18505859375
0 0.4088845654993515 0.546630859375 0.07068741893644617 0.21044921875
0 0.7102788586251622 0.5567626953125 0.07036316472114137 0.202392578125
0 0.8432230869001297 0.561279296875 0.07749675745784695 0.193359375
0 0.22097924773022048 0.831787109375 0.07879377431906615 0.19384765625
0 0.19487678339818418 0.2860107421875 0.08171206225680934 0.216064453125
0 0.6439688715953308 0.5550537109375 0.07003891050583658 0.204345703125
0 0.13180933852140078 0.8299560546875 0.08722438391699092 0.194580078125
0 0.578307392996109 0.823486328125 0.08592736705577173 0.19287109375
0 0.2730220492866407 0.290771484375 0.07133592736705577 0.21728515625
0 0.38748378728923477 0.819091796875 0.08171206225680934 0.20361328125
0 0.34792477302204927 0.29541015625 0.07133592736705577 0.21923828125
0 0.3038261997405966 0.8311767578125 0.07846952010376135 0.184326171875
0 0.8002594033722439 0.3214111328125 0.07587548638132295 0.201904296875
0 0.42298962386511024 0.299072265625 0.07101167315175097 0.21435546875
0 0.4797341115434501 0.54931640625 0.06841763942931259 0.20458984375
0 0.8743514915693904 0.3223876953125 0.07619974059662776 0.202392578125
0 0.6587224383916991 0.822998046875 0.07295719844357977 0.18017578125
0 0.7328145265888456 0.3172607421875 0.07003891050583658 0.207275390625
0 0.030155642023346304 0.281494140625 0.058365758754863814 0.166015625
0 0.49594682230869 0.302001953125 0.07166018158236057 0.21728515625
0 0.03404669260700389 0.5589599609375 0.06614785992217899 0.213623046875
0 0.6559662775616083 0.312744140625 0.07328145265888457 0.2080078125
0 0.562905317769131 0.5533447265625 0.07717250324254216 0.200927734375
