0 0.8694876783398184 0.3486328125 0.14883268482490272 0.19091796875
0 0.7493514915693904 0.3485107421875 0.11932555123216602 0.189697265625
0 0.36689364461738 0.344482421875 0.10797665369649806 0.197265625
0 0.07895590142671854 0.3426513671875 0.1579118028534371 0.197021484375
0 0.46319714656290534 0.3450927734375 0.10214007782101167 0.197998046875
0 0.17282749675745784 0.345947265625 0.1219195849546044 0.18896484375
0 0.5682555123216602 0.345703125 0.0963035019455253 0.197265625
0 0.26767185473411154 0.343994140625 0.1261348897535668 0.19384765625
0 0.7644293125810635 0.8685302734375 0.10862516212710766 0.117919921875
0 0.23540856031128404 0.8565673828125 0.0933852140077821 0.144287109375
0 0.6532101167315175 0.8675537109375 0.09824902723735408 0.119384765625
0 0.49367704280155644 0.8643798828125 0.10149156939040208 0.121826171875
0 0.9505512321660181 0.860595703125 0.08981841763942931 0.13720703125
0 0.3127431906614786 0.859130859375 0.0937094682230869 0.13671875
0 0.8839169909208819 0.864501953125 0.07976653696498054 0.13232421875
0 0.3232814526588846 0.659912109375 0.08819714656290532 0.146484375
0 0.20119974059662776 0.66064453125 0.10278858625162127 0.14990234375
0 0.5742542153047989 0.8663330078125 0.05901426718547341 0.120361328125
0 0.943579766536965 0.6546630859375 0.10894941634241245 0.162841796875
0 0.3780804150453956 0.86328125 0.048638132295719845 0.12890625
0 0.41391050583657585 0.6611328125 0.08333333333333333 0.14013671875
0 0.42169260700389105 0.8673095703125 0.05090791180285344 0.119384765625
