0 0.4943033854166667 0.0849609375 0.060221354166666664 0.16650390625
0 0.4314778645833333 0.083984375 0.0654296875 0.16796875
0 0.3544921875 0.387939453125 0.061197916666666664 0.17626953125
0 0.3626302083333333 0.0845947265625 0.06770833333333333 0.169189453125
0 0.6427408854166666 0.0853271484375 0.07389322916666667 0.169677734375
0 0.6778971354166666 0.659912109375 0.053059895833333336 0.17724609375
0 0.29296875 0.0877685546875 0.06380208333333333 0.157958984375
0 0.5914713541666666 0.3883056640625 0.061197916666666664 0.179931640625
0 0.41357421875 0.3883056640625 0.0537109375 0.180419921875
0 0.732421875 0.65966796875 0.054036458333333336 0.1767578125
0 0.52001953125 0.6561279296875 0.0498046875 0.172607421875
0 0.4697265625 0.387939453125 0.0546875 0.18017578125
0 0.70849609375 0.8951416015625 0.06998697916666667 0.160888671875
0 0.23795572916666666 0.6556396484375 0.05078125 0.162841796875
0 0.5284830729166666 0.3878173828125 0.0576171875 0.179931640625
0 0.4664713541666667 0.6527099609375 0.052083333333333336 0.172607421875
0 0.7106119791666666 0.38671875 0.06315104166666667 0.1826171875
0 0.3349609375 0.6502685546875 0.052083333333333336 0.173095703125
0 0.18489583333333334 0.8946533203125 0.055989583333333336 0.145751953125
0 0.94189453125 0.391845703125 0.06477864583333333 0.1806640625
0 0.56005859375 0.8890380859375 0.06282552083333333 0.161865234375
0 0.392578125 0.65185546875 0.055989583333333336 0.171875
0 0.24153645833333334 0.892333984375 0.052734375 0.14404296875
0 0.4939778645833333 0.8858642578125 0.06608072916666667 0.160888671875
0 0.24495442708333334 0.3856201171875 0.0634765625 0.172119140625
0 0.7874348958333334 0.66064453125 0.053385416666666664 0.17529296875
0 0.8883463541666666 0.658935546875 0.055989583333333336 0.1748046875
0 0.8375651041666666 0.6591796875 0.05078125 0.17431640625
0 0.7789713541666666 0.891357421875 0.06510416666666667 0.1572265625
0 0.5724283854166666 0.6563720703125 0.051106770833333336 0.177490234375
0 0.7703450520833334 0.387939453125 0.060872395833333336 0.18310546875
0 0.42822265625 0.8878173828125 0.0615234375 0.158935546875
0 0.8873697916666666 0.3914794921875 0.06380208333333333 0.184814453125
0 0.625 0.6583251953125 0.05078125 0.175537109375
0 0.853515625 0.0897216796875 0.061197916666666664 0.160400390625
0 0.3004557291666667 0.886962890625 0.057942708333333336 0.1552734375
0 0.3644205729166667 0.8885498046875 0.0615234375 0.159423828125
0 0.83837890625 0.8963623046875 0.0537109375 0.151123046875
0 0.2952473958333333 0.386962890625 0.05078125 0.17236328125
0 0.65087890625 0.3873291015625 0.058919270833333336 0.179931640625
0 0.12809244791666666 0.0821533203125 0.07194010416666667 0.162353515625
0 0.8284505208333334 0.3892822265625 0.059895833333333336 0.186767578125
0 0.19954427083333334 0.08203125 0.078125 0.16259765625
0 0.8896484375 0.898193359375 0.050130208333333336 0.1513671875
0 0.9059244791666666 0.0882568359375 0.052083333333333336 0.163818359375
