0 0.11721789883268482 0.7025146484375 0.06582360570687419 0.177978515625
0 0.30609597924773024 0.8638916015625 0.05058365758754864 0.150634765625
0 0.3560311284046693 0.8541259765625 0.04734111543450065 0.151611328125
0 0.4048313878080415 0.8428955078125 0.04636835278858625 0.144775390625
0 0.04993514915693904 0.7078857421875 0.07263294422827497 0.183349609375
0 0.2521076523994812 0.872314453125 0.05415045395590143 0.15234375
0 0.17055771725032426 0.223388671875 0.06874189364461739 0.232421875
0 0.10165369649805447 0.2198486328125 0.07295719844357977 0.242431640625
0 0.3939688715953307 0.6689453125 0.04928664072632944 0.1650390625
0 0.17866407263294423 0.697509765625 0.05642023346303502 0.17041015625
0 0.29944876783398183 0.2266845703125 0.061932555123216604 0.219970703125
0 0.14121271076523995 0.4892578125 0.07944228274967574 0.076171875
0 0.45346952010376135 0.83154296875 0.04571984435797665 0.13818359375
0 0.03388456549935149 0.2275390625 0.06582360570687419 0.22900390625
0 0.3433852140077821 0.675048828125 0.048638132295719845 0.16845703125
0 0.41893644617380027 0.23974609375 0.05317769130998703 0.19921875
0 0.07814526588845655 0.9033203125 0.06031128404669261 0.15380859375
0 0.44390402075226976 0.663330078125 0.04539559014267185 0.1630859375
0 0.23654345006485084 0.2255859375 0.061932555123216604 0.22509765625
0 0.9380674448767834 0.7261962890625 0.03696498054474708 0.128173828125
0 0.36170557717250323 0.234619140625 0.05674448767833982 0.208984375
0 0.14234760051880674 0.894287109375 0.06744487678339818 0.14697265625
0 0.7420557717250325 0.7696533203125 0.036640726329442284 0.121337890625
0 0.9046692607003891 0.7353515625 0.03631647211413749 0.1279296875
0 0.5199416342412452 0.2445068359375 0.05155642023346303 0.186279296875
0 0.20103761348897536 0.894775390625 0.05058365758754864 0.12548828125
0 0.41228923476005186 0.4058837890625 0.04831387808041505 0.089599609375
0 0.23638132295719844 0.694580078125 0.05188067444876784 0.16162109375
0 0.4691958495460441 0.2430419921875 0.04669260700389105 0.190185546875
0 0.5338845654993515 0.650634765625 0.04312581063553826 0.15576171875
0 0.2911802853437095 0.68359375 0.04928664072632944 0.1728515625
0 0.06939040207522698 0.496337890625 0.07976653696498054 0.0810546875
0 0.9695201037613489 0.7203369140625 0.035667963683527884 0.123779296875
0 0.4998378728923476 0.8232421875 0.04053177691309987 0.1396484375
0 0.6603437094682231 0.63232421875 0.03858625162127108 0.14501953125
0 0.6191634241245136 0.63916015625 0.03988326848249027 0.1513671875
0 0.5916018158236057 0.399658203125 0.04831387808041505 0.0869140625
0 0.5849546044098574 0.802490234375 0.04215304798962387 0.12939453125
0 0.5405317769130998 0.8126220703125 0.03761348897535668 0.132080078125
0 0.5781452658884566 0.6441650390625 0.04085603112840467 0.154052734375
0 0.5517185473411155 0.40185546875 0.04636835278858625 0.0869140625
0 0.7391374837872893 0.62109375 0.036640726329442284 0.142578125
0 0.708981841763943 0.3935546875 0.036640726329442284 0.08447265625
0 0.4899481193255512 0.656494140625 0.04215304798962387 0.158203125
0 0.7000648508430609 0.6265869140625 0.03826199740596628 0.144775390625
0 0.7775616083009079 0.7640380859375 0.03372243839169909 0.117431640625
0 0.7050907911802854 0.776123046875 0.035343709468223086 0.12353515625
0 0.6718547341115434 0.3955078125 0.040207522697795074 0.08447265625
0 0.7177367055771725 0.24951171875 0.04701686121919585 0.1689453125
0 0.9239623865110247 0.582275390625 0.03728923476005188 0.1240234375
0 0.6284046692607004 0.7947998046875 0.038910505836575876 0.126220703125
0 0.7756160830090791 0.6177978515625 0.03631647211413749 0.138916015625
0 0.6679636835278858 0.7857666015625 0.03631647211413749 0.124755859375
0 0.8338197146562906 0.253662109375 0.04571984435797665 0.15771484375
0 0.6707198443579766 0.2464599609375 0.04312581063553826 0.171142578125
