0 0.5478274967574579 0.4664306640625 0.08398184176394292 0.224365234375
0 0.46368352788586253 0.465576171875 0.07587548638132295 0.2265625
0 0.5569066147859922 0.118896484375 0.08073929961089495 0.22314453125
0 0.6478599221789884 0.11474609375 0.08236057068741894 0.228515625
0 0.3858625162127108 0.463134765625 0.07587548638132295 0.23388671875
0 0.7260051880674449 0.4661865234375 0.06939040207522698 0.220947265625
0 0.6504539559014267 0.46533203125 0.07392996108949416 0.220703125
0 0.22989623865110245 0.4666748046875 0.07068741893644617 0.216064453125
0 0.5530155642023347 0.773681640625 0.06906614785992218 0.2080078125
0 0.4798962386511025 0.1177978515625 0.07068741893644617 0.228271484375
0 0.26572632944228275 0.7760009765625 0.07555123216601815 0.206787109375
0 0.30723086900129704 0.4627685546875 0.07619974059662776 0.229248046875
0 0.6230544747081712 0.771240234375 0.06582360570687419 0.205078125
0 0.192769130998703 0.774658203125 0.07166018158236057 0.21240234375
0 0.11883916990920881 0.77978515625 0.08009079118028535 0.20751953125
0 0.7945849546044098 0.46923828125 0.07295719844357977 0.220703125
0 0.1580739299610895 0.4654541015625 0.07101167315175097 0.216552734375
0 0.4061284046692607 0.1156005859375 0.07425421530479896 0.229248046875
0 0.3445201037613489 0.775634765625 0.07166018158236057 0.205078125
0 0.23086900129701687 0.114990234375 0.07846952010376135 0.22802734375
0 0.31874189364461736 0.1142578125 0.08690012970168612 0.228515625
0 0.8680285343709468 0.4705810546875 0.07652399481193256 0.221435546875
0 0.48411154345006485 0.7725830078125 0.06614785992217899 0.211181640625
0 0.4165045395590143 0.774169921875 0.06647211413748379 0.20947265625
0 0.728923476005188 0.1177978515625 0.07717250324254216 0.231201171875
0 0.6929312581063554 0.7703857421875 0.0654993514915694 0.201904296875
0 0.08430609597924774 0.4658203125 0.07522697795071336 0.220703125
0 0.14996757457846951 0.11572265625 0.07879377431906615 0.22705078125
0 0.038910505836575876 0.782470703125 0.07782101167315175 0.20703125
0 0.8075551232166018 0.1204833984375 0.07101167315175097 0.232177734375
0 0.06582360570687419 0.1141357421875 0.06939040207522698 0.226806640625
0 0.8730544747081712 0.120361328125 0.061284046692607 0.22509765625
