0 0.5368028534370947 0.786865234375 0.15856031128404668 0.42626953125
0 0.3858625162127108 0.7855224609375 0.15953307392996108 0.428955078125
0 0.6874189364461738 0.7896728515625 0.1621271076523995 0.420654296875
0 0.23184176394293127 0.7813720703125 0.16601815823605706 0.437255859375
0 0.5586900129701686 0.239990234375 0.18028534370946822 0.47998046875
0 0.73378728923476 0.246337890625 0.19584954604409857 0.49267578125
0 0.9111543450064851 0.2447509765625 0.17769130998702984 0.489501953125
0 0.8409533073929961 0.7825927734375 0.17477302204928663 0.434814453125
0 0.3748378728923476 0.239013671875 0.191958495460441 0.47802734375
0 0.18466277561608302 0.235595703125 0.19033722438391698 0.47119140625
