0 0.9093709468223087 0.7430419921875 0.06712062256809338 0.121826171875
0 0.09760051880674449 0.737548828125 0.041504539559014265 0.111328125
0 0.8401426718547341 0.74072265625 0.05966277561608301 0.11962890625
0 0.869325551232166 0.602294921875 0.04474708171206226 0.111328125
0 0.055771725032425425 0.73876953125 0.04409857328145266 0.11181640625
0 0.39867055771725035 0.74169921875 0.03469520103761349 0.11328125
0 0.4351491569390402 0.74169921875 0.03437094682230869 0.1162109375
0 0.4803826199740597 0.158203125 0.03988326848249027 0.12060546875
0 0.9698443579766537 0.7451171875 0.04669260700389105 0.11572265625
0 0.521887159533074 0.160888671875 0.042477302204928666 0.11669921875
0 0.9142347600518806 0.6002197265625 0.04053177691309987 0.114013671875
0 0.5296692607003891 0.3160400390625 0.037937743190661476 0.116455078125
0 0.40207522697795073 0.152587890625 0.03761348897535668 0.126953125
0 0.09987029831387809 0.3104248046875 0.03826199740596628 0.119384765625
0 0.8085278858625162 0.598876953125 0.0651750972762646 0.11962890625
0 0.6441309987029832 0.314208984375 0.03858625162127108 0.12060546875
0 0.5682555123216602 0.31689453125 0.036640726329442284 0.115234375
0 0.4404993514915694 0.1561279296875 0.03728923476005188 0.122802734375
0 0.7448119325551232 0.59814453125 0.04539559014267185 0.1240234375
0 0.8615434500648509 0.1612548828125 0.04474708171206226 0.121826171875
0 0.053501945525291826 0.593505859375 0.04085603112840467 0.1171875
0 0.3633268482490272 0.7412109375 0.03339818417639429 0.111328125
0 0.3740272373540856 0.3150634765625 0.037937743190661476 0.114990234375
0 0.32765888456549935 0.7406005859375 0.03469520103761349 0.111572265625
0 0.45314526588845655 0.3154296875 0.03728923476005188 0.1162109375
0 0.8013942931258107 0.3165283203125 0.03988326848249027 0.119384765625
0 0.9085603112840467 0.1630859375 0.046044098573281456 0.119140625
0 0.6057068741893644 0.3155517578125 0.03696498054474708 0.116943359375
0 0.7024967574578469 0.6014404296875 0.035343709468223086 0.115478515625
0 0.9588197146562906 0.6004638671875 0.04409857328145266 0.114501953125
0 0.29831387808041504 0.3135986328125 0.03761348897535668 0.117919921875
0 0.8863488975356679 0.316162109375 0.04182879377431906 0.11474609375
0 0.491083009079118 0.31591796875 0.036640726329442284 0.11572265625
0 0.6755836575875487 0.4630126953125 0.036640726329442284 0.109130859375
0 0.5648508430609598 0.16162109375 0.04085603112840467 0.115234375
0 0.4713035019455253 0.741455078125 0.03404669260700389 0.1162109375
0 0.6843385214007782 0.3133544921875 0.03858625162127108 0.121337890625
0 0.25551232166018156 0.7410888671875 0.03501945525291829 0.111572265625
0 0.5977626459143969 0.4595947265625 0.04053177691309987 0.112060546875
0 0.3738651102464332 0.5986328125 0.03437094682230869 0.11181640625
0 0.3667315175097276 0.1702880859375 0.029831387808041506 0.093994140625
0 0.3357652399481193 0.314697265625 0.03599221789883268 0.1162109375
0 0.8428988326848249 0.3167724609375 0.04053177691309987 0.116943359375
0 0.41374837872892345 0.314697265625 0.03826199740596628 0.11572265625
0 0.41066796368352787 0.5985107421875 0.03469520103761349 0.114501953125
0 0.0622568093385214 0.3095703125 0.03761348897535668 0.1201171875
0 0.017023346303501944 0.7374267578125 0.03404669260700389 0.116455078125
0 0.6376459143968871 0.4625244140625 0.036640726329442284 0.109619140625
0 0.2603761348897536 0.3138427734375 0.03696498054474708 0.116943359375
0 0.6287289234760052 0.6025390625 0.035667963683527884 0.1123046875
0 0.2190337224383917 0.7396240234375 0.03599221789883268 0.112548828125
0 0.2915045395590143 0.7401123046875 0.03437094682230869 0.112060546875
0 0.5578793774319066 0.4599609375 0.035343709468223086 0.111328125
0 0.6656939040207522 0.6026611328125 0.03501945525291829 0.113037109375
0 0.6074902723735408 0.1605224609375 0.04118028534370947 0.115966796875
0 0.33819714656290534 0.59765625 0.03437094682230869 0.1123046875
0 0.0933852140077821 0.590576171875 0.03826199740596628 0.119140625
0 0.7128728923476005 0.46337890625 0.03599221789883268 0.1083984375
0 0.02204928664072633 0.3095703125 0.040207522697795074 0.11669921875
0 0.4486057068741894 0.458984375 0.035343709468223086 0.11328125
0 0.17461089494163423 0.160400390625 0.04118028534370947 0.11181640625
0 0.07003891050583658 0.4566650390625 0.038910505836575876 0.112060546875
0 0.5192931258106356 0.6019287109375 0.035343709468223086 0.110107421875
0 0.8148508430609598 0.1614990234375 0.04539559014267185 0.121337890625
0 0.521076523994812 0.4595947265625 0.03501945525291829 0.114013671875
0 0.2229247730220493 0.3134765625 0.03858625162127108 0.1171875
0 0.9546044098573282 0.162841796875 0.041504539559014265 0.11865234375
0 0.05642023346303502 0.1553955078125 0.04085603112840467 0.121826171875
0 0.7864785992217899 0.4615478515625 0.03728923476005188 0.113037109375
0 0.9291504539559015 0.3157958984375 0.04053177691309987 0.115478515625
0 0.1815823605706874 0.7386474609375 0.03631647211413749 0.112548828125
0 0.14056420233463035 0.738037109375 0.04442282749675746 0.1123046875
0 0.4473086900129702 0.599853515625 0.03339818417639429 0.1142578125
0 0.6483463035019456 0.1612548828125 0.039234760051880674 0.116455078125
0 0.5565823605706874 0.60205078125 0.03404669260700389 0.11279296875
0 0.48492217898832685 0.4591064453125 0.03404669260700389 0.114501953125
0 0.3013942931258106 0.5982666015625 0.03469520103761349 0.112548828125
0 0.3018806744487678 0.4581298828125 0.03631647211413749 0.112548828125
0 0.688715953307393 0.16064453125 0.038910505836575876 0.1220703125
0 0.7232490272373541 0.3109130859375 0.03728923476005188 0.126708984375
0 0.26475356679636836 0.5970458984375 0.035343709468223086 0.113525390625
0 0.5920881971465629 0.6021728515625 0.03372243839169909 0.112548828125
0 0.13375486381322957 0.1546630859375 0.03599221789883268 0.120849609375
0 0.9713035019455253 0.3160400390625 0.04053177691309987 0.114501953125
0 0.5074578469520103 0.742431640625 0.03501945525291829 0.11572265625
0 0.41050583657587547 0.45849609375 0.035667963683527884 0.11376953125
0 0.3359273670557717 0.170166015625 0.0311284046692607 0.09619140625
0 0.48265239948119326 0.59912109375 0.03339818417639429 0.11474609375
0 0.8686770428015564 0.4620361328125 0.03826199740596628 0.115478515625
0 0.33900778210116733 0.4578857421875 0.03469520103761349 0.111572265625
0 0.017833981841763942 0.1534423828125 0.035667963683527884 0.125732421875
0 0.183041504539559 0.309814453125 0.03858625162127108 0.12060546875
0 0.1914721141374838 0.597412109375 0.03728923476005188 0.1142578125
0 0.029020752269779508 0.45556640625 0.037937743190661476 0.11474609375
0 0.22892347600518806 0.5958251953125 0.03437094682230869 0.114013671875
0 0.8271725032425421 0.46142578125 0.03826199740596628 0.11572265625
0 0.9083981841763943 0.4617919921875 0.03599221789883268 0.115966796875
0 0.0966277561608301 0.1552734375 0.03631647211413749 0.11865234375
0 0.3746757457846952 0.45751953125 0.03404669260700389 0.11474609375
0 0.26378080415045396 0.457275390625 0.036640726329442284 0.11572265625
0 0.7294098573281452 0.159423828125 0.03858625162127108 0.12353515625
0 0.748378728923476 0.4635009765625 0.03501945525291829 0.111572265625
0 0.7613488975356679 0.3114013671875 0.035667963683527884 0.127685546875
0 0.9476329442282749 0.4608154296875 0.036640726329442284 0.114501953125
0 0.7696173800259404 0.1605224609375 0.039234760051880674 0.121826171875
0 0.017023346303501944 0.5958251953125 0.03339818417639429 0.116943359375
0 0.5437743190661478 0.7421875 0.033073929961089495 0.11474609375
0 0.9833009079118028 0.460205078125 0.0327496757457847 0.10888671875
0 0.22730220492866407 0.45654296875 0.03372243839169909 0.11572265625
0 0.1926070038910506 0.45703125 0.03437094682230869 0.11376953125
