0 0.5565823605706874 0.250244140625 0.11057068741893644 0.30419921875
0 0.31955252918287935 0.2435302734375 0.11770428015564202 0.323974609375
0 0.441147859922179 0.250732421875 0.11964980544747082 0.30517578125
0 0.20103761348897536 0.2388916015625 0.11348897535667964 0.330810546875
0 0.6721789883268483 0.2501220703125 0.11413748378728923 0.300048828125
0 0.08349546044098573 0.2384033203125 0.11900129701686121 0.319091796875
0 0.316147859922179 0.754638671875 0.10959792477302205 0.37451171875
0 0.5408560311284046 0.7340087890625 0.11867704280155641 0.376708984375
0 0.6465629053177692 0.72314453125 0.10505836575875487 0.359375
0 0.07814526588845655 0.771484375 0.13229571984435798 0.37353515625
0 0.746757457846952 0.72216796875 0.10246433203631647 0.34033203125
0 0.20298313878080415 0.7564697265625 0.11348897535667964 0.383544921875
0 0.43158236057068744 0.748046875 0.11089494163424124 0.37744140625
0 0.7882619974059663 0.2587890625 0.11348897535667964 0.2919921875
0 0.8476005188067445 0.7171630859375 0.09533073929961089 0.331298828125
