0 0.3784046692607004 0.817138671875 0.13942931258106356 0.36572265625
0 0.5147535667963683 0.818359375 0.13521400778210116 0.3623046875
0 0.7798313878080415 0.8232421875 0.17639429312581065 0.353515625
0 0.6473735408560312 0.8192138671875 0.1520752269779507 0.358154296875
0 0.9171530479896238 0.8206787109375 0.16569390402075226 0.357177734375
0 0.312905317769131 0.2877197265625 0.17639429312581065 0.575439453125
0 0.23832684824902725 0.817626953125 0.14526588845654995 0.36474609375
0 0.13553826199740596 0.2811279296875 0.19714656290531776 0.562255859375
0 0.48735408560311283 0.296142578125 0.17963683527885863 0.59228515625
0 0.816958495460441 0.291015625 0.20590142671854733 0.58203125
0 0.0928988326848249 0.8094482421875 0.14559014267185474 0.381103515625
0 0.6498054474708171 0.2882080078125 0.19844357976653695 0.576416015625
