0 0.7551880674448768 0.630859375 0.10440985732814527 0.35546875
0 0.26605058365758755 0.2137451171875 0.11900129701686121 0.310791015625
0 0.4156939040207523 0.6385498046875 0.11802853437094682 0.370849609375
0 0.5333981841763943 0.638916015625 0.10894941634241245 0.35888671875
0 0.8646238651102465 0.6171875 0.10214007782101167 0.35595703125
0 0.6457522697795072 0.635986328125 0.10603112840466926 0.3525390625
0 0.0945201037613489 0.6275634765625 0.10732814526588845 0.315185546875
0 0.19666018158236057 0.6259765625 0.0943579766536965 0.33544921875
0 0.38116083009079116 0.220458984375 0.10084306095979248 0.310546875
0 0.29993514915693903 0.6385498046875 0.11219195849546044 0.363525390625
0 0.9555771725032426 0.61474609375 0.08884565499351492 0.3408203125
0 0.9526588845654993 0.21044921875 0.08754863813229571 0.3037109375
