0 0.24659533073929962 0.185302734375 0.06971465629053178 0.19189453125
0 0.5737678339818417 0.187744140625 0.06841763942931259 0.1982421875
0 0.6104085603112841 0.4017333984375 0.06647211413748379 0.175537109375
0 0.8777561608300908 0.7974853515625 0.057068741893644616 0.168701171875
0 0.6462386511024644 0.187744140625 0.07522697795071336 0.19921875
0 0.31776913099870296 0.185791015625 0.07328145265888457 0.18994140625
0 0.2616731517509728 0.80810546875 0.05901426718547341 0.17529296875
0 0.2169260700389105 0.5965576171875 0.05901426718547341 0.168701171875
0 0.8219844357976653 0.7987060546875 0.05642023346303502 0.172607421875
0 0.2689688715953307 0.3973388671875 0.064526588845655 0.179443359375
0 0.17185473411154345 0.1810302734375 0.07976653696498054 0.197998046875
0 0.27610246433203633 0.595947265625 0.05609597924773022 0.1669921875
0 0.6739623865110247 0.400146484375 0.054798962386511024 0.17236328125
0 0.437094682230869 0.806884765625 0.055771725032425425 0.17919921875
0 0.6126783398184177 0.80224609375 0.058041504539559016 0.18408203125
0 0.3211738002594034 0.805419921875 0.05869001297016861 0.17919921875
0 0.5011348897535668 0.1865234375 0.07360570687418937 0.19580078125
0 0.8690012970168612 0.6011962890625 0.062905317769131 0.176025390625
0 0.9345006485084306 0.7979736328125 0.05771725032425422 0.166259765625
0 0.37986381322957197 0.80712890625 0.05674448767833982 0.177734375
0 0.20379377431906615 0.39697265625 0.0625810635538262 0.1787109375
0 0.5444228274967574 0.4010009765625 0.05966277561608301 0.177490234375
0 0.7315175097276264 0.806396484375 0.06031128404669261 0.17529296875
0 0.6050583657587548 0.595703125 0.055771725032425425 0.16650390625
0 0.5535019455252919 0.803466796875 0.05642023346303502 0.1875
0 0.33090142671854733 0.3978271484375 0.05998702983138781 0.183349609375
0 0.1522373540856031 0.5965576171875 0.061932555123216604 0.168701171875
0 0.33657587548638135 0.5958251953125 0.05901426718547341 0.165283203125
0 0.14380674448767833 0.8079833984375 0.05544747081712062 0.178955078125
0 0.20103761348897536 0.808349609375 0.06031128404669261 0.18017578125
0 0.3939688715953307 0.178955078125 0.07328145265888457 0.2001953125
0 0.7190337224383917 0.185546875 0.06776913099870298 0.197265625
0 0.49529831387808043 0.8045654296875 0.05674448767833982 0.184814453125
0 0.9429312581063554 0.3914794921875 0.0654993514915694 0.181396484375
0 0.13926718547341116 0.3953857421875 0.061932555123216604 0.181884765625
0 0.7217898832684825 0.5955810546875 0.057068741893644616 0.168701171875
0 0.39899481193255515 0.594970703125 0.058041504539559016 0.1630859375
0 0.7315175097276264 0.39990234375 0.05642023346303502 0.1708984375
0 0.051070038910505836 0.806396484375 0.05609597924773022 0.1767578125
0 0.544260700389105 0.5960693359375 0.057392996108949414 0.166259765625
0 0.6632619974059663 0.595703125 0.054798962386511024 0.16650390625
0 0.9242866407263295 0.6014404296875 0.06971465629053178 0.177001953125
0 0.8805123216601816 0.39111328125 0.06582360570687419 0.1826171875
0 0.6725032425421531 0.802490234375 0.05966277561608301 0.1845703125
0 0.3873216601815824 0.39794921875 0.05609597924773022 0.18212890625
0 0.48330090791180286 0.59716796875 0.057392996108949414 0.16259765625
0 0.4881647211413748 0.401611328125 0.052204928664072635 0.17529296875
0 0.8208495460440985 0.6007080078125 0.05090791180285344 0.174560546875
0 0.023994811932555125 0.5958251953125 0.04798962386511025 0.163330078125
0 0.813715953307393 0.347412109375 0.06776913099870298 0.275390625
