0 0.35084306095979245 0.8204345703125 0.07587548638132295 0.235595703125
0 0.26864461738002593 0.4884033203125 0.08203631647211414 0.236083984375
0 0.2715629053177691 0.8216552734375 0.07944228274967574 0.232666015625
0 0.1819066147859922 0.81787109375 0.08300907911802853 0.2509765625
0 0.3631647211413748 0.1905517578125 0.0966277561608301 0.274658203125
0 0.428177691309987 0.8193359375 0.07555123216601815 0.2353515625
0 0.34987029831387806 0.4896240234375 0.07717250324254216 0.235107421875
0 0.18401426718547342 0.4898681640625 0.08722438391699092 0.235595703125
0 0.4584954604409857 0.1982421875 0.08884565499351492 0.26904296875
0 0.5034046692607004 0.4903564453125 0.07425421530479896 0.234619140625
0 0.4293125810635538 0.48974609375 0.07392996108949416 0.23388671875
0 0.6517509727626459 0.812744140625 0.08041504539559015 0.23974609375
0 0.5787937743190662 0.8125 0.07652399481193256 0.2412109375
0 0.5778210116731517 0.4898681640625 0.07263294422827497 0.230224609375
0 0.5055123216601816 0.8162841796875 0.07522697795071336 0.235595703125
0 0.26426718547341116 0.1865234375 0.09727626459143969 0.27685546875
0 0.805609597924773 0.4913330078125 0.07619974059662776 0.223388671875
0 0.6579118028534371 0.489990234375 0.07328145265888457 0.22802734375
0 0.882295719844358 0.49169921875 0.08236057068741894 0.2216796875
0 0.7316796368352788 0.4908447265625 0.06971465629053178 0.224365234375
0 0.5535019455252919 0.1953125 0.08495460440985733 0.27294921875
0 0.6324578469520103 0.2027587890625 0.07425421530479896 0.254638671875
0 0.7068741893644618 0.2042236328125 0.07782101167315175 0.260498046875
0 0.8636511024643321 0.2119140625 0.08009079118028535 0.25439453125
0 0.7858300907911803 0.2098388671875 0.07879377431906615 0.257080078125
0 0.9559014267185474 0.4930419921875 0.07782101167315175 0.219482421875
0 0.9429312581063554 0.21923828125 0.07846952010376135 0.23583984375
