0 0.3852140077821012 0.8033447265625 0.07782101167315175 0.239990234375
0 0.15256160830090792 0.8145751953125 0.07879377431906615 0.242431640625
0 0.7978274967574579 0.4739990234375 0.09046692607003891 0.239990234375
0 0.06404020752269779 0.4739990234375 0.08463035019455253 0.240478515625
0 0.709792477302205 0.4755859375 0.08041504539559015 0.234375
0 0.07895590142671854 0.81396484375 0.07879377431906615 0.240234375
0 0.46141374837872895 0.808349609375 0.07522697795071336 0.2333984375
0 0.1506160830090791 0.47509765625 0.08268482490272373 0.24560546875
0 0.47568093385214005 0.476806640625 0.07328145265888457 0.23681640625
0 0.3978599221789883 0.4755859375 0.07587548638132295 0.23681640625
0 0.6297016861219196 0.474853515625 0.07522697795071336 0.22900390625
0 0.5510700389105059 0.47607421875 0.07360570687418937 0.232421875
0 0.4165045395590143 0.18505859375 0.08138780804150454 0.2626953125
0 0.5003242542153048 0.1866455078125 0.08300907911802853 0.257568359375
0 0.3124189364461738 0.4754638671875 0.07944228274967574 0.239501953125
0 0.23184176394293127 0.4757080078125 0.07717250324254216 0.245361328125
0 0.6815823605706874 0.7969970703125 0.07328145265888457 0.249267578125
0 0.5363164721141375 0.80615234375 0.06874189364461739 0.23095703125
0 0.16245136186770429 0.1658935546875 0.08495460440985733 0.290283203125
0 0.6083009079118028 0.796630859375 0.07133592736705577 0.248046875
0 0.33122568093385213 0.1773681640625 0.08463035019455253 0.276123046875
0 0.7545395590142672 0.7972412109375 0.07003891050583658 0.249755859375
0 0.245136186770428 0.1739501953125 0.08495460440985733 0.282470703125
0 0.07846952010376135 0.169677734375 0.08495460440985733 0.27587890625
0 0.5843060959792478 0.163330078125 0.08430609597924774 0.30419921875
0 0.7474059662775616 0.1666259765625 0.08430609597924774 0.309814453125
0 0.6647211413748378 0.1611328125 0.08106355382619974 0.30712890625
0 0.830739299610895 0.17578125 0.09014267185473411 0.2998046875
