0 0.7924773022049286 0.2320556640625 0.1867704280155642 0.464111328125
0 0.16780155642023345 0.23046875 0.17931258106355383 0.4609375
0 0.7707522697795072 0.7744140625 0.17509727626459143 0.451171875
0 0.37013618677042803 0.23876953125 0.19617380025940337 0.4599609375
0 0.5980869001297017 0.235107421875 0.1929312581063554 0.47021484375
0 0.38975356679636836 0.80810546875 0.17120622568093385 0.37255859375
0 0.5878728923476005 0.7952880859375 0.17185473411154345 0.384033203125
0 0.9262321660181583 0.7808837890625 0.14753566796368353 0.435791015625
0 0.9357976653696498 0.233154296875 0.1245136186770428 0.46630859375
0 0.065337224383917 0.7689208984375 0.1300259403372244 0.425048828125
