0 0.439526588845655 0.4322509765625 0.10473411154345007 0.321533203125
0 0.7603761348897535 0.4183349609375 0.11738002594033722 0.341064453125
0 0.7378404669260701 0.8433837890625 0.10278858625162127 0.280517578125
0 0.833171206225681 0.8455810546875 0.10019455252918288 0.279541015625
0 0.2611867704280156 0.850341796875 0.10278858625162127 0.275390625
0 0.544260700389105 0.42822265625 0.10278858625162127 0.32568359375
0 0.32749675745784695 0.431884765625 0.122568093385214 0.32080078125
0 0.6400778210116731 0.837890625 0.09922178988326848 0.29150390625
0 0.8702983138780804 0.419189453125 0.12127107652399481 0.3388671875
0 0.16974708171206226 0.841552734375 0.10473411154345007 0.28173828125
0 0.3545719844357977 0.8494873046875 0.0963035019455253 0.286865234375
0 0.21141374837872892 0.430419921875 0.11154345006485085 0.318359375
0 0.06874189364461739 0.840087890625 0.11738002594033722 0.27783203125
0 0.6494811932555123 0.4217529296875 0.10765239948119326 0.338623046875
0 0.9285019455252919 0.8472900390625 0.10603112840466926 0.281982421875
0 0.5457198443579766 0.8427734375 0.09208819714656291 0.2890625
0 0.4494163424124514 0.844482421875 0.09727626459143969 0.30029296875
0 0.11754215304798962 0.4268798828125 0.08463035019455253 0.317138671875
0 0.9524967574578469 0.4208984375 0.08722438391699092 0.33349609375
