0 0.5473411154345007 0.221435546875 0.1614785992217899 0.3974609375
0 0.6924448767833982 0.2286376953125 0.14753566796368353 0.389404296875
0 0.37953955901426717 0.22021484375 0.15985732814526588 0.40087890625
0 0.3017185473411154 0.679931640625 0.14234760051880674 0.4208984375
0 0.22973411154345005 0.2103271484375 0.15402075226977952 0.420654296875
0 0.8401426718547341 0.225830078125 0.1549935149156939 0.41650390625
0 0.45525291828793774 0.711669921875 0.16472114137483787 0.37353515625
0 0.7978274967574579 0.6826171875 0.15985732814526588 0.40966796875
0 0.6348897535667963 0.7103271484375 0.16796368352788585 0.389404296875
0 0.1559662775616083 0.6842041015625 0.14785992217898833 0.427490234375
0 0.08057717250324255 0.21484375 0.1611543450064851 0.4169921875
