0 0.3190104166666667 0.744384765625 0.06380208333333333 0.1669921875
0 0.25439453125 0.7435302734375 0.0654296875 0.165283203125
0 0.5558268229166666 0.7413330078125 0.0537109375 0.165771484375
0 0.17887369791666666 0.739013671875 0.0810546875 0.169921875
0 0.5616861979166666 0.51806640625 0.06477864583333333 0.19921875
0 0.6126302083333334 0.7431640625 0.0546875 0.16552734375
0 0.10123697916666667 0.5155029296875 0.07291666666666667 0.194091796875
0 0.10611979166666667 0.74267578125 0.06770833333333333 0.169921875
0 0.16650390625 0.517822265625 0.07389322916666667 0.19580078125
0 0.84326171875 0.7474365234375 0.06608072916666667 0.157470703125
0 0.4973958333333333 0.51708984375 0.06380208333333333 0.19970703125
0 0.8854166666666666 0.5120849609375 0.07877604166666667 0.201416015625
0 0.6695963541666666 0.7435302734375 0.054036458333333336 0.164306640625
0 0.6267903645833334 0.5184326171875 0.06608072916666667 0.198974609375
0 0.38330078125 0.74169921875 0.0595703125 0.1708984375
0 0.3650716145833333 0.5196533203125 0.06803385416666667 0.198974609375
0 0.4420572916666667 0.741943359375 0.053385416666666664 0.1640625
0 0.87939453125 0.201171875 0.0947265625 0.24658203125
0 0.9552408854166666 0.512939453125 0.07975260416666667 0.19677734375
0 0.7841796875 0.7491455078125 0.06575520833333333 0.159912109375
0 0.80224609375 0.1986083984375 0.0849609375 0.244873046875
0 0.6920572916666666 0.5181884765625 0.068359375 0.198974609375
0 0.7252604166666666 0.1993408203125 0.080078125 0.246337890625
0 0.4318033854166667 0.5189208984375 0.0673828125 0.198486328125
0 0.4251302083333333 0.204345703125 0.07291666666666667 0.24267578125
0 0.8142903645833334 0.5064697265625 0.0712890625 0.216552734375
0 0.64990234375 0.200927734375 0.07845052083333333 0.24462890625
0 0.035807291666666664 0.513427734375 0.0703125 0.20068359375
0 0.4998372395833333 0.20556640625 0.07389322916666667 0.2421875
0 0.23372395833333334 0.5185546875 0.07291666666666667 0.19677734375
0 0.57470703125 0.205322265625 0.07649739583333333 0.24365234375
0 0.29833984375 0.51953125 0.06803385416666667 0.19580078125
0 0.4988606770833333 0.7412109375 0.0537109375 0.16455078125
0 0.7252604166666666 0.7431640625 0.0546875 0.16015625
0 0.12353515625 0.2003173828125 0.09798177083333333 0.251220703125
0 0.7527669270833334 0.5084228515625 0.06477864583333333 0.213134765625
0 0.2757161458333333 0.20068359375 0.07942708333333333 0.25537109375
0 0.19694010416666666 0.2005615234375 0.09440104166666667 0.256591796875
0 0.3486328125 0.201171875 0.07421875 0.2529296875
0 0.9518229166666666 0.2047119140625 0.09440104166666667 0.257080078125
0 0.043782552083333336 0.740234375 0.0615234375 0.1611328125
0 0.9000651041666666 0.7491455078125 0.06380208333333333 0.156005859375
0 0.047526041666666664 0.19873046875 0.09309895833333333 0.25439453125
