0 0.5657552083333334 0.5673828125 0.12369791666666667 0.390625
0 0.8186848958333334 0.92236328125 0.12825520833333334 0.1552734375
0 0.6876627604166666 0.5657958984375 0.1318359375 0.401123046875
0 0.9293619791666666 0.9207763671875 0.14127604166666666 0.158447265625
0 0.8131510416666666 0.5635986328125 0.13346354166666666 0.436767578125
0 0.33837890625 0.5723876953125 0.1240234375 0.369873046875
0 0.7068684895833334 0.9189453125 0.12923177083333334 0.1572265625
0 0.9353841145833334 0.56982421875 0.12532552083333334 0.43359375
0 0.22395833333333334 0.5396728515625 0.12044270833333333 0.425537109375
0 0.4892578125 0.9051513671875 0.11393229166666667 0.161376953125
0 0.4514973958333333 0.5721435546875 0.115234375 0.370849609375
0 0.5979817708333334 0.911376953125 0.11197916666666667 0.162109375
0 0.17041015625 0.9154052734375 0.16373697916666666 0.165771484375
0 0.10514322916666667 0.5361328125 0.125 0.42138671875
0 0.3782552083333333 0.9110107421875 0.13216145833333334 0.145751953125
0 0.2734375 0.93115234375 0.15104166666666666 0.1376953125
