0 0.5142671854734111 0.860595703125 0.0966277561608301 0.27880859375
0 0.6095979247730221 0.858154296875 0.0946822308690013 0.27685546875
0 0.27610246433203633 0.525390625 0.08463035019455253 0.2373046875
0 0.5969520103761349 0.2017822265625 0.07846952010376135 0.222412109375
0 0.371757457846952 0.5257568359375 0.08852140077821012 0.233154296875
0 0.42250324254215305 0.206298828125 0.08365758754863813 0.21923828125
0 0.7084954604409858 0.85888671875 0.10570687418936446 0.2783203125
0 0.6840142671854734 0.196533203125 0.08852140077821012 0.23583984375
0 0.5103761348897535 0.2042236328125 0.07976653696498054 0.219970703125
0 0.6021400778210116 0.52294921875 0.0907911802853437 0.22607421875
0 0.22665369649805447 0.8643798828125 0.09857328145265888 0.271240234375
0 0.3315499351491569 0.2042236328125 0.08722438391699092 0.226318359375
0 0.8780804150453956 0.8486328125 0.11543450064850844 0.302734375
0 0.46287289234760054 0.5244140625 0.08527885862516213 0.2294921875
0 0.7908560311284046 0.855712890625 0.0914396887159533 0.28857421875
0 0.6890402075226978 0.5172119140625 0.0966277561608301 0.230224609375
0 0.32782101167315175 0.8638916015625 0.09987029831387809 0.270263671875
0 0.42380025940337224 0.8621826171875 0.08365758754863813 0.275634765625
0 0.8026913099870299 0.496337890625 0.1261348897535668 0.2626953125
0 0.23232814526588846 0.2266845703125 0.07555123216601815 0.181884765625
0 0.9048313878080415 0.4959716796875 0.124189364461738 0.261962890625
0 0.9554150453955902 0.846435546875 0.08916990920881972 0.30712890625
