0 0.672885032537961 0.7239990234375 0.18741865509761388 0.261474609375
0 0.5136659436008677 0.2607421875 0.1856832971800434 0.4580078125
0 0.33427331887201733 0.255615234375 0.17310195227765726 0.47216796875
0 0.11019522776572668 0.72900390625 0.2039045553145336 0.2275390625
0 0.8084598698481562 0.7218017578125 0.1809110629067245 0.263427734375
0 0.7013015184381779 0.264404296875 0.20260303687635575 0.46484375
0 0.917353579175705 0.7183837890625 0.16529284164859 0.248291015625
0 0.2577006507592191 0.7254638671875 0.19436008676789587 0.267333984375
0 0.8852494577006508 0.2655029296875 0.21561822125813448 0.495361328125
0 0.1457700650759219 0.247802734375 0.1822125813449024 0.4765625
0 0.540997830802603 0.7203369140625 0.1718004338394794 0.260009765625
0 0.4019522776572668 0.7235107421875 0.16789587852494578 0.262939453125
