0 0.3201497395833333 0.4373779296875 0.07975260416666667 0.210693359375
0 0.2392578125 0.4359130859375 0.07942708333333333 0.211669921875
0 0.2618815104166667 0.673583984375 0.07649739583333333 0.1904296875
0 0.3995768229166667 0.43798828125 0.07389322916666667 0.20703125
0 0.3338216145833333 0.6741943359375 0.0732421875 0.188232421875
0 0.3865559895833333 0.15966796875 0.0888671875 0.25927734375
0 0.837890625 0.1595458984375 0.095703125 0.261474609375
0 0.6656901041666666 0.1595458984375 0.0859375 0.260986328125
0 0.15787760416666666 0.4378662109375 0.080078125 0.211181640625
0 0.18815104166666666 0.674072265625 0.07552083333333333 0.18994140625
0 0.6363932291666666 0.8984375 0.06705729166666667 0.203125
0 0.7805989583333334 0.6707763671875 0.072265625 0.178955078125
0 0.2099609375 0.15478515625 0.09375 0.2685546875
0 0.2615559895833333 0.89794921875 0.07194010416666667 0.1962890625
0 0.40576171875 0.6724853515625 0.07063802083333333 0.189208984375
0 0.6399739583333334 0.6719970703125 0.06575520833333333 0.181884765625
0 0.2991536458333333 0.1566162109375 0.091796875 0.263916015625
0 0.92822265625 0.16552734375 0.10123697916666667 0.2509765625
0 0.18880208333333334 0.8984375 0.078125 0.1982421875
0 0.7096354166666666 0.6715087890625 0.07096354166666667 0.183837890625
0 0.75 0.157470703125 0.0859375 0.26171875
0 0.8297526041666666 0.4395751953125 0.078125 0.209716796875
0 0.7527669270833334 0.4390869140625 0.07063802083333333 0.209228515625
0 0.6787109375 0.4390869140625 0.07421875 0.215576171875
0 0.70654296875 0.8992919921875 0.06998697916666667 0.200439453125
0 0.580078125 0.159423828125 0.08333333333333333 0.263671875
0 0.90478515625 0.4390869140625 0.0751953125 0.206298828125
0 0.7918294270833334 0.8963623046875 0.07454427083333333 0.194091796875
0 0.4734700520833333 0.16162109375 0.08756510416666667 0.251953125
0 0.3313802083333333 0.8984375 0.06966145833333333 0.19482421875
0 0.41650390625 0.8990478515625 0.0654296875 0.201904296875
0 0.091796875 0.891357421875 0.07356770833333333 0.20947265625
0 0.85302734375 0.66796875 0.07259114583333333 0.1787109375
0 0.4832356770833333 0.8984375 0.06608072916666667 0.203125
0 0.5685221354166666 0.898193359375 0.06608072916666667 0.20361328125
0 0.8621419270833334 0.8939208984375 0.0673828125 0.188232421875
0 0.03076171875 0.8914794921875 0.0615234375 0.207763671875
0 0.12076822916666667 0.1640625 0.09765625 0.2734375
0 0.4690755208333333 0.4385986328125 0.059895833333333336 0.204833984375
0 0.5719401041666666 0.6741943359375 0.0625 0.184326171875
0 0.4734700520833333 0.671875 0.062174479166666664 0.185546875
0 0.9383138020833334 0.8939208984375 0.06868489583333333 0.175048828125
0 0.59912109375 0.4393310546875 0.0673828125 0.212646484375
