0 0.5074869791666666 0.149169921875 0.09244791666666667 0.26416015625
0 0.5037434895833334 0.430908203125 0.0810546875 0.212890625
0 0.3297526041666667 0.1497802734375 0.08984375 0.262451171875
0 0.4212239583333333 0.1529541015625 0.09114583333333333 0.259521484375
0 0.4072265625 0.4283447265625 0.07942708333333333 0.212646484375
0 0.23844401041666666 0.155517578125 0.0908203125 0.24951171875
0 0.3349609375 0.66259765625 0.064453125 0.1826171875
0 0.47021484375 0.6644287109375 0.06608072916666667 0.179931640625
0 0.32958984375 0.4271240234375 0.07259114583333333 0.214599609375
0 0.4020182291666667 0.663330078125 0.06380208333333333 0.18115234375
0 0.5380859375 0.66455078125 0.06510416666666667 0.17724609375
0 0.4658203125 0.8829345703125 0.06575520833333333 0.183349609375
0 0.8138020833333334 0.680419921875 0.08333333333333333 0.2099609375
0 0.8312174479166666 0.4227294921875 0.08756510416666667 0.226806640625
0 0.5787760416666666 0.428955078125 0.06770833333333333 0.212890625
0 0.1064453125 0.8900146484375 0.07747395833333333 0.193115234375
0 0.5353190104166666 0.8837890625 0.0654296875 0.18017578125
0 0.3318684895833333 0.883544921875 0.06412760416666667 0.18408203125
0 0.7415364583333334 0.6827392578125 0.07682291666666667 0.215576171875
0 0.2517903645833333 0.427001953125 0.07454427083333333 0.2138671875
0 0.6595052083333334 0.9166259765625 0.06575520833333333 0.162841796875
0 0.7579752604166666 0.420166015625 0.08821614583333333 0.22802734375
0 0.7296549479166666 0.91552734375 0.07194010416666667 0.16650390625
0 0.8894856770833334 0.6776123046875 0.08626302083333333 0.205322265625
0 0.8723958333333334 0.914794921875 0.07421875 0.16748046875
0 0.9462890625 0.9141845703125 0.07942708333333333 0.169677734375
0 0.8009440104166666 0.9163818359375 0.0771484375 0.167236328125
0 0.0849609375 0.663818359375 0.07877604166666667 0.1806640625
0 0.39794921875 0.8824462890625 0.06282552083333333 0.181396484375
0 0.12906901041666666 0.1407470703125 0.0966796875 0.270263671875
0 0.9021809895833334 0.4256591796875 0.08561197916666667 0.224853515625
0 0.2672526041666667 0.6622314453125 0.06575520833333333 0.180908203125
0 0.26513671875 0.8839111328125 0.06477864583333333 0.184814453125
0 0.17838541666666666 0.8876953125 0.06575520833333333 0.19140625
0 0.673828125 0.685546875 0.06770833333333333 0.2158203125
0 0.59228515625 0.150634765625 0.08821614583333333 0.251953125
0 0.048665364583333336 0.137939453125 0.0947265625 0.2744140625
0 0.06396484375 0.4249267578125 0.09407552083333333 0.223876953125
0 0.15478515625 0.66455078125 0.06803385416666667 0.1728515625
0 0.9627278645833334 0.426513671875 0.0693359375 0.22314453125
0 0.65576171875 0.3636474609375 0.09798177083333333 0.314697265625
