0 0.36754215304798965 0.8572998046875 0.08916990920881972 0.285400390625
0 0.2773994811932555 0.8551025390625 0.08333333333333333 0.281005859375
0 0.5030804150453956 0.5206298828125 0.07555123216601815 0.225830078125
0 0.8921854734111544 0.8438720703125 0.10019455252918288 0.299560546875
0 0.746757457846952 0.5123291015625 0.08300907911802853 0.221923828125
0 0.42266536964980544 0.5205078125 0.07619974059662776 0.22802734375
0 0.585603112840467 0.5189208984375 0.07522697795071336 0.225341796875
0 0.8284695201037614 0.5142822265625 0.08754863813229571 0.219970703125
0 0.5643644617380026 0.2899169921875 0.07036316472114137 0.149169921875
0 0.6642347600518806 0.514892578125 0.07619974059662776 0.2255859375
0 0.7629701686121919 0.2867431640625 0.07392996108949416 0.147705078125
0 0.7067120622568094 0.8162841796875 0.09241245136186771 0.219482421875
0 0.6321335927367056 0.289306640625 0.06647211413748379 0.14794921875
0 0.3398184176394293 0.51953125 0.07133592736705577 0.22705078125
0 0.4970817120622568 0.2886962890625 0.07068741893644617 0.152099609375
0 0.36219195849546043 0.289794921875 0.07003891050583658 0.14990234375
0 0.7992866407263295 0.844482421875 0.0940337224383917 0.29736328125
0 0.6123540856031129 0.8343505859375 0.0943579766536965 0.268798828125
0 0.43174448767833984 0.2891845703125 0.06971465629053178 0.150146484375
0 0.1305123216601816 0.2811279296875 0.061932555123216604 0.153564453125
0 0.6974708171206225 0.2872314453125 0.06355382619974059 0.146728515625
0 0.303177691309987 0.30908203125 0.051232166018158234 0.10791015625
0 0.060635538261997406 0.2825927734375 0.06420233463035019 0.155029296875
0 0.5179961089494164 0.8414306640625 0.08268482490272373 0.278564453125
