0 0.6517509727626459 0.205322265625 0.14721141374837873 0.41064453125
0 0.8060959792477302 0.207763671875 0.18093385214007782 0.39599609375
0 0.5145914396887159 0.2039794921875 0.13942931258106356 0.407958984375
0 0.36770428015564205 0.2047119140625 0.1543450064850843 0.409423828125
0 0.5168612191958496 0.6746826171875 0.12775616083009078 0.415283203125
0 0.22762645914396887 0.2049560546875 0.14721141374837873 0.409912109375
0 0.26459143968871596 0.6756591796875 0.1297016861219196 0.417724609375
0 0.6467250324254216 0.671875 0.1267833981841764 0.404296875
0 0.7741569390402075 0.6722412109375 0.12872892347600517 0.406005859375
0 0.08544098573281453 0.20703125 0.1618028534370947 0.4140625
0 0.39250972762645914 0.6708984375 0.1293774319066148 0.4052734375
0 0.14056420233463035 0.6668701171875 0.1293774319066148 0.401611328125
0 0.9413099870298314 0.2086181640625 0.11478599221789883 0.406494140625
0 0.9009403372243839 0.7103271484375 0.13391699092088197 0.487060546875
0 0.04458495460440986 0.66845703125 0.08916990920881972 0.421875
