0 0.5809014267185474 0.6949462890625 0.047665369649805445 0.153076171875
0 0.692769130998703 0.8870849609375 0.04701686121919585 0.149169921875
0 0.5314526588845655 0.6949462890625 0.04798962386511025 0.152099609375
0 0.6292153047989624 0.69482421875 0.04701686121919585 0.15185546875
0 0.09873540856031128 0.888671875 0.04312581063553826 0.14794921875
0 0.19098573281452658 0.889892578125 0.04798962386511025 0.1474609375
0 0.08998054474708171 0.7010498046875 0.04701686121919585 0.151611328125
0 0.05009727626459144 0.8861083984375 0.04701686121919585 0.150634765625
0 0.14332036316472113 0.8890380859375 0.04345006485084306 0.145263671875
0 0.48265239948119326 0.5103759765625 0.04831387808041505 0.154541015625
0 0.5322632944228275 0.5089111328125 0.04701686121919585 0.152099609375
0 0.7410830090791181 0.8883056640625 0.04442282749675746 0.148193359375
0 0.961413748378729 0.883544921875 0.061608300907911806 0.16357421875
0 0.04134241245136187 0.70166015625 0.04701686121919585 0.14697265625
0 0.7911802853437094 0.8883056640625 0.05188067444876784 0.149169921875
0 0.48119325551232167 0.6968994140625 0.048638132295719845 0.150634765625
0 0.9002918287937743 0.8843994140625 0.05674448767833982 0.164794921875
0 0.47649156939040205 0.8853759765625 0.04636835278858625 0.148681640625
0 0.7247081712062257 0.1165771484375 0.04993514915693904 0.154541015625
0 0.5261024643320363 0.8856201171875 0.04701686121919585 0.151123046875
0 0.5817120622568094 0.5091552734375 0.04928664072632944 0.154052734375
0 0.5745784695201037 0.88623046875 0.04474708171206226 0.15087890625
0 0.8448443579766537 0.889404296875 0.04896238651102464 0.14990234375
0 0.13894293125810636 0.70068359375 0.047665369649805445 0.15234375
0 0.6293774319066148 0.113525390625 0.055771725032425425 0.16455078125
0 0.3354409857328145 0.890625 0.04571984435797665 0.146484375
0 0.3832684824902724 0.8890380859375 0.04539559014267185 0.149169921875
0 0.7746433203631647 0.1160888671875 0.04928664072632944 0.154052734375
0 0.43142023346303504 0.6993408203125 0.04701686121919585 0.147216796875
0 0.13959143968871596 0.511962890625 0.04961089494163424 0.1533203125
0 0.23929961089494164 0.8909912109375 0.04474708171206226 0.146728515625
0 0.4336900129701686 0.513671875 0.047665369649805445 0.1513671875
0 0.42979896238651105 0.88623046875 0.04377431906614786 0.14794921875
0 0.3834306095979248 0.698974609375 0.045071335927367055 0.14697265625
0 0.8041504539559015 0.515625 0.04798962386511025 0.15234375
0 0.08965629053177691 0.5108642578125 0.047665369649805445 0.156005859375
0 0.28728923476005186 0.890869140625 0.04539559014267185 0.14599609375
0 0.8568417639429312 0.517578125 0.05155642023346303 0.16015625
0 0.8485732814526589 0.6998291015625 0.048638132295719845 0.149169921875
0 0.28712710765239946 0.7001953125 0.04896238651102464 0.158203125
0 0.1882295719844358 0.7010498046875 0.047665369649805445 0.153076171875
0 0.9283398184176395 0.1181640625 0.04928664072632944 0.15380859375
0 0.5719844357976653 0.1146240234375 0.057068741893644616 0.164794921875
0 0.8244163424124513 0.1171875 0.05025940337224384 0.15380859375
0 0.8986705577172504 0.6995849609375 0.04831387808041505 0.147216796875
0 0.38245784695201035 0.5135498046875 0.04831387808041505 0.153564453125
0 0.9575226977950714 0.5128173828125 0.046044098573281456 0.155517578125
0 0.0325875486381323 0.31494140625 0.04961089494163424 0.16064453125
0 0.027885862516212712 0.111083984375 0.04928664072632944 0.16650390625
0 0.4897859922178988 0.31982421875 0.04961089494163424 0.15625
0 0.188715953307393 0.5130615234375 0.04539559014267185 0.149658203125
0 0.7547016861219196 0.5126953125 0.047665369649805445 0.15234375
0 0.039072632944228275 0.5103759765625 0.05090791180285344 0.157470703125
0 0.6227302204928664 0.8885498046875 0.045071335927367055 0.146240234375
0 0.9121271076523995 0.3193359375 0.05188067444876784 0.15576171875
0 0.45606355382619973 0.1153564453125 0.054798962386511024 0.165771484375
0 0.8769455252918288 0.1171875 0.052204928664072635 0.15478515625
0 0.8608949416342413 0.3194580078125 0.05252918287937743 0.156982421875
0 0.9083981841763943 0.514404296875 0.04831387808041505 0.15673828125
0 0.1308365758754864 0.31494140625 0.05090791180285344 0.16796875
0 0.08122568093385214 0.312255859375 0.047665369649805445 0.16845703125
0 0.7986381322957199 0.6993408203125 0.04798962386511025 0.153076171875
0 0.9628728923476005 0.3193359375 0.05285343709468223 0.15625
0 0.23670557717250323 0.6981201171875 0.04539559014267185 0.159423828125
0 0.9486057068741893 0.69873046875 0.047665369649805445 0.1474609375
0 0.7482166018158236 0.7005615234375 0.04961089494163424 0.151123046875
0 0.5411802853437094 0.3189697265625 0.048638132295719845 0.156005859375
0 0.18093385214007782 0.315673828125 0.04993514915693904 0.16357421875
0 0.23654345006485084 0.512939453125 0.04701686121919585 0.154296875
0 0.4390402075226978 0.320068359375 0.04798962386511025 0.1572265625
0 0.40110246433203633 0.1163330078125 0.05058365758754864 0.162353515625
0 0.8099870298313878 0.3189697265625 0.04928664072632944 0.156005859375
0 0.23281452658884566 0.318359375 0.05252918287937743 0.15966796875
0 0.9753566796368353 0.1192626953125 0.04539559014267185 0.152099609375
0 0.33787289234760054 0.69140625 0.041504539559014265 0.13916015625
0 0.07911802853437094 0.109619140625 0.04928664072632944 0.1728515625
0 0.5132944228274967 0.115234375 0.05642023346303502 0.16552734375
0 0.29653047989623865 0.117919921875 0.05155642023346303 0.1611328125
0 0.28777561608300906 0.5130615234375 0.05090791180285344 0.154541015625
0 0.2842088197146563 0.3182373046875 0.04831387808041505 0.157470703125
0 0.3866731517509728 0.319091796875 0.04896238651102464 0.15673828125
0 0.3351167315175097 0.3201904296875 0.04896238651102464 0.157470703125
0 0.13164721141374838 0.1099853515625 0.04993514915693904 0.173095703125
0 0.6992542153047989 0.6981201171875 0.04442282749675746 0.148193359375
0 0.34954604409857326 0.116455078125 0.05058365758754864 0.162109375
0 0.7624837872892347 0.3192138671875 0.04636835278858625 0.155517578125
0 0.1856355382619974 0.1123046875 0.05285343709468223 0.17236328125
0 0.5912775616083009 0.319091796875 0.04636835278858625 0.154296875
0 0.24205577172503243 0.1177978515625 0.05155642023346303 0.163330078125
