0 0.8450064850843061 0.779541015625 0.08171206225680934 0.22509765625
0 0.5507457846952011 0.201416015625 0.08527885862516213 0.2587890625
0 0.9317444876783398 0.779296875 0.09500648508430609 0.2197265625
0 0.310473411154345 0.779541015625 0.07619974059662776 0.2265625
0 0.46125162127107655 0.2010498046875 0.0911154345006485 0.257568359375
0 0.771887159533074 0.785400390625 0.08009079118028535 0.21435546875
0 0.3873216601815824 0.77978515625 0.07490272373540856 0.22021484375
0 0.4606031128404669 0.78271484375 0.07230869001297018 0.21435546875
0 0.23200389105058367 0.7806396484375 0.07425421530479896 0.219482421875
0 0.2522697795071336 0.5029296875 0.07457846952010376 0.2392578125
0 0.7819390402075227 0.51416015625 0.08333333333333333 0.23095703125
0 0.8033398184176395 0.2049560546875 0.09500648508430609 0.255126953125
0 0.5321011673151751 0.7835693359375 0.07522697795071336 0.212646484375
0 0.6376459143968871 0.2003173828125 0.08138780804150454 0.256103515625
0 0.7029831387808041 0.5137939453125 0.07976653696498054 0.230224609375
0 0.8621919584954605 0.515380859375 0.0914396887159533 0.232421875
0 0.07441634241245136 0.777099609375 0.08333333333333333 0.23095703125
0 0.4776264591439689 0.50927734375 0.07328145265888457 0.23046875
0 0.4032101167315175 0.5067138671875 0.07295719844357977 0.234130859375
0 0.32911802853437094 0.50439453125 0.07328145265888457 0.2353515625
0 0.17493514915693903 0.50244140625 0.07295719844357977 0.23828125
0 0.627431906614786 0.5091552734375 0.07457846952010376 0.237060546875
0 0.1554798962386511 0.778564453125 0.07166018158236057 0.21923828125
0 0.8965629053177692 0.2073974609375 0.0959792477302205 0.248291015625
0 0.7164396887159533 0.2021484375 0.07944228274967574 0.2568359375
0 0.5528534370946823 0.5087890625 0.07457846952010376 0.234375
0 0.16601815823605706 0.1893310546875 0.10051880674448768 0.253173828125
0 0.9460116731517509 0.516845703125 0.0917639429312581 0.2353515625
0 0.26864461738002593 0.192626953125 0.09954604409857327 0.2568359375
0 0.06922827496757458 0.1826171875 0.09565499351491569 0.265625
0 0.36754215304798965 0.197021484375 0.09565499351491569 0.25341796875
0 0.09711413748378729 0.50244140625 0.07490272373540856 0.2392578125
0 0.6499675745784695 0.783203125 0.07036316472114137 0.20703125
