0 0.30706874189364464 0.199951171875 0.07652399481193256 0.25
0 0.8346303501945526 0.8028564453125 0.07392996108949416 0.230224609375
0 0.32619974059662776 0.513671875 0.07717250324254216 0.23388671875
0 0.3860246433203632 0.2005615234375 0.07619974059662776 0.247314453125
0 0.7589169909208819 0.801025390625 0.07490272373540856 0.2392578125
0 0.7812905317769131 0.2083740234375 0.08268482490272373 0.247802734375
0 0.4085603112840467 0.5125732421875 0.07717250324254216 0.231689453125
0 0.48670557717250323 0.513427734375 0.07652399481193256 0.2353515625
0 0.7010376134889753 0.2069091796875 0.07587548638132295 0.249267578125
0 0.8647859922178989 0.2088623046875 0.08430609597924774 0.247802734375
0 0.22940985732814526 0.203125 0.07490272373540856 0.23828125
0 0.4661154345006485 0.1990966796875 0.07684824902723736 0.250244140625
0 0.6232166018158236 0.204345703125 0.07782101167315175 0.2529296875
0 0.14996757457846951 0.203125 0.07814526588845655 0.2314453125
0 0.2457846952010376 0.512451171875 0.07652399481193256 0.232421875
0 0.6125162127107653 0.796630859375 0.07198443579766536 0.2470703125
0 0.9064526588845655 0.80078125 0.07036316472114137 0.22900390625
0 0.6849870298313878 0.797119140625 0.06971465629053178 0.24365234375
0 0.30771725032425423 0.805908203125 0.07457846952010376 0.23388671875
0 0.3850518806744488 0.805419921875 0.07360570687418937 0.23681640625
0 0.5624189364461738 0.513671875 0.07425421530479896 0.2353515625
0 0.22957198443579765 0.80419921875 0.07392996108949416 0.23486328125
0 0.6394293125810635 0.5128173828125 0.07652399481193256 0.237548828125
0 0.07230869001297018 0.8004150390625 0.08430609597924774 0.237060546875
0 0.15321011673151752 0.8038330078125 0.07295719844357977 0.233154296875
0 0.46108949416342415 0.802001953125 0.07392996108949416 0.24462890625
0 0.544260700389105 0.2012939453125 0.07425421530479896 0.245849609375
0 0.9477950713359273 0.20947265625 0.08495460440985733 0.2412109375
0 0.5369649805447471 0.797607421875 0.07133592736705577 0.24755859375
0 0.8699740596627756 0.5137939453125 0.07717250324254216 0.238525390625
0 0.7138456549935149 0.5115966796875 0.07360570687418937 0.241455078125
0 0.790207522697795 0.5125732421875 0.07846952010376135 0.241943359375
0 0.051070038910505836 0.200439453125 0.09889753566796368 0.2421875
0 0.16747730220492865 0.5098876953125 0.07490272373540856 0.230224609375
0 0.945201037613489 0.5145263671875 0.07522697795071336 0.239013671875
0 0.9695201037613489 0.80224609375 0.06031128404669261 0.2197265625
