0 0.8419260700389105 0.1539306640625 0.08333333333333333 0.171630859375
0 0.8059338521400778 0.4140625 0.08009079118028535 0.17626953125
0 0.7585927367055771 0.155517578125 0.07555123216601815 0.17041015625
0 0.7253566796368353 0.4146728515625 0.07782101167315175 0.178955078125
0 0.6483463035019456 0.406005859375 0.06841763942931259 0.20068359375
0 0.13407911802853437 0.8988037109375 0.07425421530479896 0.184814453125
0 0.36689364461738 0.904052734375 0.05869001297016861 0.18994140625
0 0.8908884565499352 0.4134521484375 0.08138780804150454 0.183349609375
0 0.8510051880674449 0.67431640625 0.06971465629053178 0.205078125
0 0.7830739299610895 0.6763916015625 0.0654993514915694 0.208740234375
0 0.3046368352788586 0.9046630859375 0.05998702983138781 0.190185546875
0 0.11559662775616084 0.6737060546875 0.06582360570687419 0.197998046875
0 0.9276913099870299 0.151123046875 0.08106355382619974 0.177734375
0 0.3775940337224384 0.4090576171875 0.0625810635538262 0.193603515625
0 0.44439040207522695 0.41259765625 0.06582360570687419 0.19091796875
0 0.4892996108949416 0.9061279296875 0.057068741893644616 0.185791015625
0 0.7166018158236057 0.6767578125 0.06614785992217899 0.2060546875
0 0.5796044098573282 0.407958984375 0.064526588845655 0.2001953125
0 0.669260700389105 0.9068603515625 0.058365758754863814 0.186279296875
0 0.3117704280155642 0.4088134765625 0.0625810635538262 0.197509765625
0 0.5129701686121919 0.409423828125 0.062905317769131 0.2021484375
0 0.6086251621271076 0.906494140625 0.055771725032425425 0.18603515625
0 0.24302853437094682 0.9033203125 0.05933852140077821 0.18408203125
0 0.7300583657587548 0.9078369140625 0.060635538261997406 0.184326171875
0 0.6853112840466926 0.143798828125 0.064526588845655 0.18994140625
0 0.5100518806744487 0.67724609375 0.0648508430609598 0.205078125
0 0.36024643320363164 0.145751953125 0.0648508430609598 0.19384765625
0 0.7949092088197146 0.90869140625 0.0632295719844358 0.181640625
0 0.9195849546044098 0.67626953125 0.07068741893644617 0.19921875
0 0.6473735408560312 0.67626953125 0.06712062256809338 0.19921875
0 0.4283398184176394 0.90625 0.05966277561608301 0.1875
0 0.183041504539559 0.6748046875 0.06712062256809338 0.19873046875
0 0.4904345006485084 0.1455078125 0.06387808041504539 0.19140625
0 0.5779831387808041 0.6766357421875 0.064526588845655 0.200439453125
0 0.44260700389105057 0.6756591796875 0.0654993514915694 0.201416015625
0 0.06776913099870298 0.4090576171875 0.05901426718547341 0.198486328125
0 0.3107976653696498 0.672607421875 0.05544747081712062 0.19873046875
0 0.4260700389105058 0.1455078125 0.0622568093385214 0.19091796875
0 0.6194876783398184 0.14208984375 0.0632295719844358 0.1953125
0 0.8594357976653697 0.9112548828125 0.060635538261997406 0.176513671875
0 0.5546368352788587 0.14404296875 0.0632295719844358 0.19189453125
0 0.1890402075226978 0.4078369140625 0.05642023346303502 0.199951171875
0 0.1297016861219196 0.4053955078125 0.05966277561608301 0.199951171875
0 0.248378728923476 0.4080810546875 0.06031128404669261 0.194580078125
0 0.05285343709468223 0.6708984375 0.0622568093385214 0.19921875
0 0.37078469520103763 0.6744384765625 0.0632295719844358 0.197998046875
0 0.16812581063553828 0.1400146484375 0.061932555123216604 0.209716796875
0 0.29701686121919585 0.1451416015625 0.0609597924773022 0.194580078125
0 0.10392347600518807 0.1497802734375 0.05869001297016861 0.190185546875
0 0.23313878080415046 0.142578125 0.061608300907911806 0.20068359375
0 0.9225032425421531 0.9122314453125 0.06355382619974059 0.174560546875
0 0.5502594033722439 0.9063720703125 0.05901426718547341 0.186279296875
0 0.041504539559014265 0.1448974609375 0.05966277561608301 0.203857421875
0 0.2603761348897536 0.666259765625 0.04734111543450065 0.19384765625
