0 0.6324869791666666 0.4267578125 0.083984375 0.25439453125
0 0.32421875 0.7039794921875 0.07291666666666667 0.217041015625
0 0.2470703125 0.7049560546875 0.07877604166666667 0.213134765625
0 0.16536458333333334 0.7037353515625 0.08333333333333333 0.213623046875
0 0.09065755208333333 0.703857421875 0.08821614583333333 0.21484375
0 0.4000651041666667 0.7001953125 0.07291666666666667 0.2177734375
0 0.3046875 0.4322509765625 0.09309895833333333 0.268310546875
0 0.4783528645833333 0.6995849609375 0.0732421875 0.216064453125
0 0.71923828125 0.42626953125 0.07975260416666667 0.25634765625
0 0.7106119791666666 0.6995849609375 0.07291666666666667 0.221923828125
0 0.06412760416666667 0.128662109375 0.11979166666666667 0.25732421875
0 0.2542317708333333 0.130615234375 0.10091145833333333 0.26123046875
0 0.6354166666666666 0.6990966796875 0.07161458333333333 0.218994140625
0 0.16162109375 0.131103515625 0.11490885416666667 0.26220703125
0 0.5592447916666666 0.699951171875 0.07161458333333333 0.2158203125
0 0.14290364583333334 0.43115234375 0.107421875 0.267578125
0 0.5515950520833334 0.4285888671875 0.07454427083333333 0.249755859375
0 0.78662109375 0.700927734375 0.07584635416666667 0.22314453125
0 0.3478190104166667 0.1304931640625 0.09342447916666667 0.260986328125
0 0.4737955729166667 0.430908203125 0.0791015625 0.25439453125
0 0.7985026041666666 0.4229736328125 0.07747395833333333 0.250244140625
0 0.06103515625 0.4327392578125 0.1064453125 0.263916015625
0 0.43896484375 0.1304931640625 0.0927734375 0.260986328125
0 0.3948567708333333 0.42529296875 0.08072916666666667 0.25146484375
0 0.2236328125 0.4326171875 0.09700520833333333 0.27001953125
0 0.5322265625 0.1309814453125 0.087890625 0.261962890625
0 0.7496744791666666 0.1319580078125 0.10091145833333333 0.263916015625
0 0.6251627604166666 0.1324462890625 0.0830078125 0.259033203125
