0 0.12062256809338522 0.3856201171875 0.1517509727626459 0.250732421875
0 0.7191958495460441 0.69384765625 0.122568093385214 0.18994140625
0 0.6305123216601816 0.3721923828125 0.12872892347600517 0.260498046875
0 0.8433852140077821 0.6917724609375 0.11024643320363164 0.190673828125
0 0.2498378728923476 0.3714599609375 0.13197146562905318 0.264404296875
0 0.6102464332036317 0.695556640625 0.10635538261997406 0.19384765625
0 0.14672503242542154 0.7034912109375 0.11121919584954604 0.186767578125
0 0.24270428015564202 0.7059326171875 0.10667963683527885 0.185791015625
0 0.7529182879377432 0.37109375 0.1504539559014267 0.26025390625
0 0.4413099870298314 0.3798828125 0.10440985732814527 0.24462890625
0 0.3432230869001297 0.705810546875 0.10473411154345007 0.17919921875
0 0.44293125810635536 0.7044677734375 0.0946822308690013 0.176025390625
0 0.5343709468223087 0.3782958984375 0.08106355382619974 0.242919921875
0 0.892833981841764 0.374267578125 0.1261348897535668 0.23828125
0 0.34873540856031127 0.3780517578125 0.08203631647211414 0.244384765625
