0 0.2480544747081712 0.33740234375 0.16536964980544747 0.18359375
0 0.6523994811932555 0.76708984375 0.14656290531776914 0.19921875
0 0.38813229571984437 0.3345947265625 0.1543450064850843 0.193603515625
0 0.5340466926070039 0.322021484375 0.13294422827496757 0.2216796875
0 0.8078793774319066 0.3331298828125 0.18450064850843062 0.199462890625
0 0.6772049286640727 0.3309326171875 0.16634241245136186 0.207275390625
0 0.7723735408560312 0.7628173828125 0.16601815823605706 0.213623046875
0 0.11267833981841764 0.3385009765625 0.18385214007782102 0.183349609375
0 0.9155317769130998 0.3328857421875 0.16699092088197146 0.191162109375
0 0.5369649805447471 0.7686767578125 0.12840466926070038 0.202880859375
0 0.9058041504539559 0.7547607421875 0.17671854734111545 0.228271484375
0 0.2919909208819715 0.771484375 0.1553177691309987 0.203125
0 0.1872568093385214 0.7696533203125 0.14559014267185474 0.202880859375
0 0.08414396887159534 0.7701416015625 0.1559662775616083 0.197509765625
0 0.4147211413748379 0.7677001953125 0.14332036316472113 0.210693359375
